# Bessell Johnson-Cousins UBVRI Filters
# Wave  U       B       V       R       I
3000.0	0.00	0.00	0.00	0.00	0.00
3050.0	1.60	0.00	0.00	0.00	0.00
3100.0	6.80	0.00	0.00	0.00	0.00
3150.0	16.70	0.00	0.00	0.00	0.00
3200.0	28.70	0.00	0.00	0.00	0.00
3250.0	42.30	0.00	0.00	0.00	0.00
3300.0	56.00	0.00	0.00	0.00	0.00
3350.0	67.30	0.00	0.00	0.00	0.00
3400.0	77.20	0.00	0.00	0.00	0.00
3450.0	84.10	0.00	0.00	0.00	0.00
3500.0	90.50	0.00	0.00	0.00	0.00
3550.0	94.30	0.00	0.00	0.00	0.00
3600.0	98.10	0.00	0.00	0.00	0.00
3650.0	99.30	1.50	0.00	0.00	0.00
3700.0	100.00	3.00	0.00	0.00	0.00
3750.0	98.90	8.20	0.00	0.00	0.00
3800.0	91.60	13.40	0.00	0.00	0.00
3850.0	80.40	35.05	0.00	0.00	0.00
3900.0	62.50	56.70	0.00	0.00	0.00
3950.0	42.30	74.35	0.00	0.00	0.00
4000.0	23.80	92.00	0.00	0.00	0.00
4050.0	11.40	94.90	0.00	0.00	0.00
4100.0	5.10	97.80	0.00	0.00	0.00
4150.0	1.90	98.90	0.00	0.00	0.00
4200.0	0.00	100.00	0.00	0.00	0.00
4250.0	0.00	98.90	0.00	0.00	0.00
4300.0	0.00	97.80	0.00	0.00	0.00
4350.0	0.00	95.65	0.00	0.00	0.00
4400.0	0.00	93.50	0.00	0.00	0.00
4450.0	0.00	89.40	0.00	0.00	0.00
4500.0	0.00	85.30	0.00	0.00	0.00
4550.0	0.00	79.65	0.00	0.00	0.00
4600.0	0.00	74.00	0.00	0.00	0.00
4650.0	0.00	69.00	0.00	0.00	0.00
4700.0	0.00	64.00	0.00	0.00	0.00
4750.0	0.00	58.80	1.50	0.00	0.00
4800.0	0.00	53.60	3.00	0.00	0.00
4850.0	0.00	48.00	9.65	0.00	0.00
4900.0	0.00	42.40	16.30	0.00	0.00
4950.0	0.00	37.45	31.05	0.00	0.00
5000.0	0.00	32.50	45.80	0.00	0.00
5050.0	0.00	28.00	61.90	0.00	0.00
5100.0	0.00	23.50	78.00	0.00	0.00
5150.0	0.00	19.25	87.35	0.00	0.00
5200.0	0.00	15.00	96.70	0.00	0.00
5250.0	0.00	12.25	98.35	0.00	0.00
5300.0	0.00	9.50	100.00	0.00	0.00
5350.0	0.00	6.90	98.65	0.00	0.00
5400.0	0.00	4.30	97.30	0.00	0.00
5450.0	0.00	2.60	93.55	0.00	0.00
5500.0	0.00	0.90	89.80	0.00	0.00
5550.0	0.00	0.45	84.50	11.50	0.00
5600.0	0.00	0.00	79.20	23.00	0.00
5650.0	0.00	0.00	73.80	48.50	0.00
5700.0	0.00	0.00	68.40	74.00	0.00
5750.0	0.00	0.00	62.90	82.50	0.00
5800.0	0.00	0.00	57.40	91.00	0.00
5850.0	0.00	0.00	51.75	94.50	0.00
5900.0	0.00	0.00	46.10	98.00	0.00
5950.0	0.00	0.00	41.00	99.00	0.00
6000.0	0.00	0.00	35.90	100.00	0.00
6050.0	0.00	0.00	31.45	99.00	0.00
6100.0	0.00	0.00	27.00	98.00	0.00
6150.0	0.00	0.00	23.35	97.00	0.00
6200.0	0.00	0.00	19.70	96.00	0.00
6250.0	0.00	0.00	16.60	94.50	0.00
6300.0	0.00	0.00	13.50	93.00	0.00
6350.0	0.00	0.00	10.80	91.50	0.00
6400.0	0.00	0.00	8.10	90.00	0.00
6450.0	0.00	0.00	6.30	88.00	0.00
6500.0	0.00	0.00	4.50	86.00	0.00
6550.0	0.00	0.00	3.50	83.50	0.00
6600.0	0.00	0.00	2.50	81.00	0.00
6650.0	0.00	0.00	2.10	79.50	0.00
6700.0	0.00	0.00	1.70	78.00	0.00
6750.0	0.00	0.00	1.50	75.00	0.00
6800.0	0.00	0.00	1.30	72.00	0.00
6850.0	0.00	0.00	1.10	69.50	0.00
6900.0	0.00	0.00	0.90	67.00	0.00
6950.0	0.00	0.00	0.45	64.00	0.00
7000.0	0.00	0.00	0.00	61.00	0.00
7050.0	0.00	0.00	0.00	58.50	1.20
7100.0	0.00	0.00	0.00	56.00	2.40
7150.0	0.00	0.00	0.00	53.50	12.80
7200.0	0.00	0.00	0.00	51.00	23.20
7250.0	0.00	0.00	0.00	48.50	39.35
7300.0	0.00	0.00	0.00	46.00	55.50
7350.0	0.00	0.00	0.00	43.00	67.00
7400.0	0.00	0.00	0.00	40.00	78.50
7450.0	0.00	0.00	0.00	37.50	84.75
7500.0	0.00	0.00	0.00	35.00	91.00
7550.0	0.00	0.00	0.00	32.90	93.75
7600.0	0.00	0.00	0.00	30.80	96.50
7650.0	0.00	0.00	0.00	28.70	97.50
7700.0	0.00	0.00	0.00	26.60	98.50
7750.0	0.00	0.00	0.00	24.50	98.75
7800.0	0.00	0.00	0.00	22.40	99.00
7850.0	0.00	0.00	0.00	20.30	99.25
7900.0	0.00	0.00	0.00	18.20	99.50
7950.0	0.00	0.00	0.00	16.10	99.75
8000.0	0.00	0.00	0.00	14.00	100.00
8050.0	0.00	0.00	0.00	12.90	100.00
8100.0	0.00	0.00	0.00	11.80	100.00
8150.0	0.00	0.00	0.00	10.70	99.50
8200.0	0.00	0.00	0.00	9.60	99.00
8250.0	0.00	0.00	0.00	8.50	98.50
8300.0	0.00	0.00	0.00	7.40	98.00
8350.0	0.00	0.00	0.00	6.30	96.50
8400.0	0.00	0.00	0.00	5.20	95.00
8450.0	0.00	0.00	0.00	4.10	93.00
8500.0	0.00	0.00	0.00	3.00	91.00
8550.0	0.00	0.00	0.00	2.70	88.50
8600.0	0.00	0.00	0.00	2.40	86.00
8650.0	0.00	0.00	0.00	2.10	80.50
8700.0	0.00	0.00	0.00	1.80	75.00
8750.0	0.00	0.00	0.00	1.50	65.50
8800.0	0.00	0.00	0.00	1.20	56.00
8850.0	0.00	0.00	0.00	0.90	44.50
8900.0	0.00	0.00	0.00	0.60	33.00
8950.0	0.00	0.00	0.00	0.30	24.00
9000.0	0.00	0.00	0.00	0.00	15.00
9050.0	0.00	0.00	0.00	0.00	9.00
9100.0	0.00	0.00	0.00	0.00	3.00
9150.0	0.00	0.00	0.00	0.00	1.50
9200.0	0.00	0.00	0.00	0.00	0.00
