#       u	g	r	i	z
2980.0	0.0000	0.0000	0.0000	0.0000	0.0000
3005.0	0.0001	0.0000	0.0000	0.0000	0.0000
3030.0	0.0005	0.0000	0.0000	0.0000	0.0000
3055.0	0.0013	0.0000	0.0000	0.0000	0.0000
3080.0	0.0026	0.0000	0.0000	0.0000	0.0000
3105.0	0.0052	0.0000	0.0000	0.0000	0.0000
3130.0	0.0093	0.0000	0.0000	0.0000	0.0000
3155.0	0.0161	0.0000	0.0000	0.0000	0.0000
3180.0	0.0240	0.0000	0.0000	0.0000	0.0000
3205.0	0.0323	0.0000	0.0000	0.0000	0.0000
3230.0	0.0405	0.0000	0.0000	0.0000	0.0000
3255.0	0.0485	0.0000	0.0000	0.0000	0.0000
3280.0	0.0561	0.0000	0.0000	0.0000	0.0000
3305.0	0.0634	0.0000	0.0000	0.0000	0.0000
3330.0	0.0700	0.0000	0.0000	0.0000	0.0000
3355.0	0.0756	0.0000	0.0000	0.0000	0.0000
3380.0	0.0803	0.0000	0.0000	0.0000	0.0000
3405.0	0.0848	0.0000	0.0000	0.0000	0.0000
3430.0	0.0883	0.0000	0.0000	0.0000	0.0000
3455.0	0.0917	0.0000	0.0000	0.0000	0.0000
3480.0	0.0959	0.0000	0.0000	0.0000	0.0000
3505.0	0.1001	0.0000	0.0000	0.0000	0.0000
3530.0	0.1029	0.0000	0.0000	0.0000	0.0000
3555.0	0.1044	0.0000	0.0000	0.0000	0.0000
3580.0	0.1053	0.0000	0.0000	0.0000	0.0000
3605.0	0.1063	0.0000	0.0000	0.0000	0.0000
3630.0	0.1075	0.0000	0.0000	0.0000	0.0000
3655.0	0.1085	0.0003	0.0000	0.0000	0.0000
3680.0	0.1084	0.0008	0.0000	0.0000	0.0000
3705.0	0.1064	0.0013	0.0000	0.0000	0.0000
3730.0	0.1024	0.0019	0.0000	0.0000	0.0000
3755.0	0.0966	0.0024	0.0000	0.0000	0.0000
3780.0	0.0887	0.0034	0.0000	0.0000	0.0000
3805.0	0.0787	0.0055	0.0000	0.0000	0.0000
3830.0	0.0672	0.0103	0.0000	0.0000	0.0000
3855.0	0.0549	0.0194	0.0000	0.0000	0.0000
3880.0	0.0413	0.0326	0.0000	0.0000	0.0000
3905.0	0.0268	0.0492	0.0000	0.0000	0.0000
3930.0	0.0145	0.0686	0.0000	0.0000	0.0000
3955.0	0.0075	0.0900	0.0000	0.0000	0.0000
3980.0	0.0042	0.1123	0.0000	0.0000	0.0000
4005.0	0.0022	0.1342	0.0000	0.0000	0.0000
4030.0	0.0010	0.1545	0.0000	0.0000	0.0000
4055.0	0.0006	0.1722	0.0000	0.0000	0.0000
4080.0	0.0004	0.1873	0.0000	0.0000	0.0000
4105.0	0.0002	0.2003	0.0000	0.0000	0.0000
4130.0	0.0000	0.2116	0.0000	0.0000	0.0000
4155.0	0.0000	0.2214	0.0000	0.0000	0.0000
4180.0	0.0000	0.2301	0.0000	0.0000	0.0000
4205.0	0.0000	0.2378	0.0000	0.0000	0.0000
4230.0	0.0000	0.2448	0.0000	0.0000	0.0000
4255.0	0.0000	0.2513	0.0000	0.0000	0.0000
4280.0	0.0000	0.2574	0.0000	0.0000	0.0000
4305.0	0.0000	0.2633	0.0000	0.0000	0.0000
4330.0	0.0000	0.2691	0.0000	0.0000	0.0000
4355.0	0.0000	0.2747	0.0000	0.0000	0.0000
4380.0	0.0000	0.2801	0.0000	0.0000	0.0000
4405.0	0.0000	0.2852	0.0000	0.0000	0.0000
4430.0	0.0000	0.2899	0.0000	0.0000	0.0000
4455.0	0.0000	0.2940	0.0000	0.0000	0.0000
4480.0	0.0000	0.2979	0.0000	0.0000	0.0000
4505.0	0.0000	0.3016	0.0000	0.0000	0.0000
4530.0	0.0000	0.3055	0.0000	0.0000	0.0000
4555.0	0.0000	0.3097	0.0000	0.0000	0.0000
4580.0	0.0000	0.3141	0.0000	0.0000	0.0000
4605.0	0.0000	0.3184	0.0000	0.0000	0.0000
4630.0	0.0000	0.3224	0.0000	0.0000	0.0000
4655.0	0.0000	0.3257	0.0000	0.0000	0.0000
4680.0	0.0000	0.3284	0.0000	0.0000	0.0000
4705.0	0.0000	0.3307	0.0000	0.0000	0.0000
4730.0	0.0000	0.3327	0.0000	0.0000	0.0000
4755.0	0.0000	0.3346	0.0000	0.0000	0.0000
4780.0	0.0000	0.3364	0.0000	0.0000	0.0000
4805.0	0.0000	0.3383	0.0000	0.0000	0.0000
4830.0	0.0000	0.3403	0.0000	0.0000	0.0000
4855.0	0.0000	0.3425	0.0000	0.0000	0.0000
4880.0	0.0000	0.3448	0.0000	0.0000	0.0000
4905.0	0.0000	0.3472	0.0000	0.0000	0.0000
4930.0	0.0000	0.3495	0.0000	0.0000	0.0000
4955.0	0.0000	0.3519	0.0000	0.0000	0.0000
4980.0	0.0000	0.3541	0.0000	0.0000	0.0000
5005.0	0.0000	0.3562	0.0000	0.0000	0.0000
5030.0	0.0000	0.3581	0.0000	0.0000	0.0000
5055.0	0.0000	0.3597	0.0000	0.0000	0.0000
5080.0	0.0000	0.3609	0.0000	0.0000	0.0000
5105.0	0.0000	0.3613	0.0000	0.0000	0.0000
5130.0	0.0000	0.3609	0.0000	0.0000	0.0000
5155.0	0.0000	0.3595	0.0000	0.0000	0.0000
5180.0	0.0000	0.3581	0.0000	0.0000	0.0000
5205.0	0.0000	0.3558	0.0000	0.0000	0.0000
5230.0	0.0000	0.3452	0.0000	0.0000	0.0000
5255.0	0.0000	0.3194	0.0000	0.0000	0.0000
5280.0	0.0000	0.2807	0.0000	0.0000	0.0000
5305.0	0.0000	0.2339	0.0000	0.0000	0.0000
5330.0	0.0000	0.1839	0.0000	0.0000	0.0000
5355.0	0.0000	0.1352	0.0000	0.0000	0.0000
5380.0	0.0000	0.0911	0.0000	0.0000	0.0000
5405.0	0.0000	0.0548	0.0014	0.0000	0.0000
5430.0	0.0000	0.0295	0.0099	0.0000	0.0000
5455.0	0.0000	0.0166	0.0259	0.0000	0.0000
5480.0	0.0000	0.0112	0.0497	0.0000	0.0000
5505.0	0.0000	0.0077	0.0807	0.0000	0.0000
5530.0	0.0000	0.0050	0.1186	0.0000	0.0000
5555.0	0.0000	0.0032	0.1625	0.0000	0.0000
5580.0	0.0000	0.0021	0.2093	0.0000	0.0000
5605.0	0.0000	0.0015	0.2555	0.0000	0.0000
5630.0	0.0000	0.0012	0.2975	0.0000	0.0000
5655.0	0.0000	0.0010	0.3326	0.0000	0.0000
5680.0	0.0000	0.0009	0.3609	0.0000	0.0000
5705.0	0.0000	0.0008	0.3834	0.0000	0.0000
5730.0	0.0000	0.0006	0.4010	0.0000	0.0000
5755.0	0.0000	0.0005	0.4147	0.0000	0.0000
5780.0	0.0000	0.0003	0.4253	0.0000	0.0000
5805.0	0.0000	0.0001	0.4333	0.0000	0.0000
5830.0	0.0000	0.0000	0.4395	0.0000	0.0000
5855.0	0.0000	0.0000	0.4446	0.0000	0.0000
5880.0	0.0000	0.0000	0.4489	0.0000	0.0000
5905.0	0.0000	0.0000	0.4527	0.0000	0.0000
5930.0	0.0000	0.0000	0.4563	0.0000	0.0000
5955.0	0.0000	0.0000	0.4599	0.0000	0.0000
5980.0	0.0000	0.0000	0.4634	0.0000	0.0000
6005.0	0.0000	0.0000	0.4665	0.0000	0.0000
6030.0	0.0000	0.0000	0.4689	0.0000	0.0000
6055.0	0.0000	0.0000	0.4703	0.0000	0.0000
6080.0	0.0000	0.0000	0.4711	0.0000	0.0000
6105.0	0.0000	0.0000	0.4717	0.0000	0.0000
6130.0	0.0000	0.0000	0.4727	0.0000	0.0000
6155.0	0.0000	0.0000	0.4744	0.0000	0.0000
6180.0	0.0000	0.0000	0.4767	0.0000	0.0000
6205.0	0.0000	0.0000	0.4792	0.0000	0.0000
6230.0	0.0000	0.0000	0.4819	0.0000	0.0000
6255.0	0.0000	0.0000	0.4844	0.0000	0.0000
6280.0	0.0000	0.0000	0.4867	0.0000	0.0000
6305.0	0.0000	0.0000	0.4887	0.0000	0.0000
6330.0	0.0000	0.0000	0.4902	0.0000	0.0000
6355.0	0.0000	0.0000	0.4909	0.0000	0.0000
6380.0	0.0000	0.0000	0.4912	0.0000	0.0000
6405.0	0.0000	0.0000	0.4912	0.0000	0.0000
6430.0	0.0000	0.0000	0.4912	0.0000	0.0000
6455.0	0.0000	0.0000	0.4914	0.0001	0.0000
6480.0	0.0000	0.0000	0.4915	0.0003	0.0000
6505.0	0.0000	0.0000	0.4912	0.0004	0.0000
6530.0	0.0000	0.0000	0.4901	0.0004	0.0000
6555.0	0.0000	0.0000	0.4878	0.0003	0.0000
6580.0	0.0000	0.0000	0.4852	0.0003	0.0000
6605.0	0.0000	0.0000	0.4818	0.0004	0.0000
6630.0	0.0000	0.0000	0.4697	0.0009	0.0000
6655.0	0.0000	0.0000	0.4421	0.0019	0.0000
6680.0	0.0000	0.0000	0.4009	0.0034	0.0000
6705.0	0.0000	0.0000	0.3499	0.0056	0.0000
6730.0	0.0000	0.0000	0.2924	0.0103	0.0000
6755.0	0.0000	0.0000	0.2318	0.0194	0.0000
6780.0	0.0000	0.0000	0.1715	0.0344	0.0000
6805.0	0.0000	0.0000	0.1152	0.0561	0.0000
6830.0	0.0000	0.0000	0.0687	0.0839	0.0000
6855.0	0.0000	0.0000	0.0380	0.1164	0.0000
6880.0	0.0000	0.0000	0.0212	0.1528	0.0000
6905.0	0.0000	0.0000	0.0134	0.1948	0.0000
6930.0	0.0000	0.0000	0.0099	0.2408	0.0000
6955.0	0.0000	0.0000	0.0076	0.2857	0.0000
6980.0	0.0000	0.0000	0.0055	0.3233	0.0000
7005.0	0.0000	0.0000	0.0039	0.3503	0.0000
7030.0	0.0000	0.0000	0.0027	0.3759	0.0000
7055.0	0.0000	0.0000	0.0020	0.3990	0.0000
7080.0	0.0000	0.0000	0.0015	0.4162	0.0000
7105.0	0.0000	0.0000	0.0012	0.4233	0.0000
7130.0	0.0000	0.0000	0.0010	0.4165	0.0000
7155.0	0.0000	0.0000	0.0007	0.3943	0.0000
7180.0	0.0000	0.0000	0.0004	0.3760	0.0000
7205.0	0.0000	0.0000	0.0002	0.3823	0.0000
7230.0	0.0000	0.0000	0.0000	0.3918	0.0000
7255.0	0.0000	0.0000	0.0000	0.3892	0.0000
7280.0	0.0000	0.0000	0.0000	0.3828	0.0000
7305.0	0.0000	0.0000	0.0000	0.3820	0.0000
7330.0	0.0000	0.0000	0.0000	0.3884	0.0000
7355.0	0.0000	0.0000	0.0000	0.3872	0.0000
7380.0	0.0000	0.0000	0.0000	0.3821	0.0000
7405.0	0.0000	0.0000	0.0000	0.3787	0.0000
7430.0	0.0000	0.0000	0.0000	0.3759	0.0000
7455.0	0.0000	0.0000	0.0000	0.3727	0.0000
7480.0	0.0000	0.0000	0.0000	0.3681	0.0000
7505.0	0.0000	0.0000	0.0000	0.3618	0.0000
7530.0	0.0000	0.0000	0.0000	0.3565	0.0000
7555.0	0.0000	0.0000	0.0000	0.3554	0.0000
7580.0	0.0000	0.0000	0.0000	0.3478	0.0000
7605.0	0.0000	0.0000	0.0000	0.1473	0.0000
7630.0	0.0000	0.0000	0.0000	0.2096	0.0000
7655.0	0.0000	0.0000	0.0000	0.2648	0.0000
7680.0	0.0000	0.0000	0.0000	0.3300	0.0000
7705.0	0.0000	0.0000	0.0000	0.3256	0.0000
7730.0	0.0000	0.0000	0.0000	0.3223	0.0000
7755.0	0.0000	0.0000	0.0000	0.3179	0.0000
7780.0	0.0000	0.0000	0.0000	0.3129	0.0001
7805.0	0.0000	0.0000	0.0000	0.3077	0.0001
7830.0	0.0000	0.0000	0.0000	0.3026	0.0001
7855.0	0.0000	0.0000	0.0000	0.2980	0.0002
7880.0	0.0000	0.0000	0.0000	0.2944	0.0002
7905.0	0.0000	0.0000	0.0000	0.2921	0.0003
7930.0	0.0000	0.0000	0.0000	0.2916	0.0005
7955.0	0.0000	0.0000	0.0000	0.2921	0.0007
7980.0	0.0000	0.0000	0.0000	0.2927	0.0011
8005.0	0.0000	0.0000	0.0000	0.2923	0.0017
8030.0	0.0000	0.0000	0.0000	0.2896	0.0027
8055.0	0.0000	0.0000	0.0000	0.2840	0.0040
8080.0	0.0000	0.0000	0.0000	0.2758	0.0057
8105.0	0.0000	0.0000	0.0000	0.2642	0.0079
8130.0	0.0000	0.0000	0.0000	0.2427	0.0106
8155.0	0.0000	0.0000	0.0000	0.2091	0.0139
8180.0	0.0000	0.0000	0.0000	0.1689	0.0178
8205.0	0.0000	0.0000	0.0000	0.1276	0.0222
8230.0	0.0000	0.0000	0.0000	0.0901	0.0271
8255.0	0.0000	0.0000	0.0000	0.0603	0.0324
8280.0	0.0000	0.0000	0.0000	0.0378	0.0382
8305.0	0.0000	0.0000	0.0000	0.0218	0.0446
8330.0	0.0000	0.0000	0.0000	0.0117	0.0511
8355.0	0.0000	0.0000	0.0000	0.0068	0.0564
8380.0	0.0000	0.0000	0.0000	0.0048	0.0603
8405.0	0.0000	0.0000	0.0000	0.0033	0.0637
8430.0	0.0000	0.0000	0.0000	0.0020	0.0667
8455.0	0.0000	0.0000	0.0000	0.0013	0.0694
8480.0	0.0000	0.0000	0.0000	0.0010	0.0717
8505.0	0.0000	0.0000	0.0000	0.0009	0.0736
8530.0	0.0000	0.0000	0.0000	0.0009	0.0752
8555.0	0.0000	0.0000	0.0000	0.0008	0.0765
8580.0	0.0000	0.0000	0.0000	0.0005	0.0775
8605.0	0.0000	0.0000	0.0000	0.0002	0.0782
8630.0	0.0000	0.0000	0.0000	0.0000	0.0786
8655.0	0.0000	0.0000	0.0000	0.0000	0.0787
8680.0	0.0000	0.0000	0.0000	0.0000	0.0785
8705.0	0.0000	0.0000	0.0000	0.0000	0.0780
8730.0	0.0000	0.0000	0.0000	0.0000	0.0772
8755.0	0.0000	0.0000	0.0000	0.0000	0.0763
8780.0	0.0000	0.0000	0.0000	0.0000	0.0751
8805.0	0.0000	0.0000	0.0000	0.0000	0.0738
8830.0	0.0000	0.0000	0.0000	0.0000	0.0723
8855.0	0.0000	0.0000	0.0000	0.0000	0.0708
8880.0	0.0000	0.0000	0.0000	0.0000	0.0693
8905.0	0.0000	0.0000	0.0000	0.0000	0.0674
8930.0	0.0000	0.0000	0.0000	0.0000	0.0632
8955.0	0.0000	0.0000	0.0000	0.0000	0.0581
8980.0	0.0000	0.0000	0.0000	0.0000	0.0543
9005.0	0.0000	0.0000	0.0000	0.0000	0.0526
9030.0	0.0000	0.0000	0.0000	0.0000	0.0523
9055.0	0.0000	0.0000	0.0000	0.0000	0.0522
9080.0	0.0000	0.0000	0.0000	0.0000	0.0512
9105.0	0.0000	0.0000	0.0000	0.0000	0.0496
9130.0	0.0000	0.0000	0.0000	0.0000	0.0481
9155.0	0.0000	0.0000	0.0000	0.0000	0.0473
9180.0	0.0000	0.0000	0.0000	0.0000	0.0476
9205.0	0.0000	0.0000	0.0000	0.0000	0.0482
9230.0	0.0000	0.0000	0.0000	0.0000	0.0476
9255.0	0.0000	0.0000	0.0000	0.0000	0.0447
9280.0	0.0000	0.0000	0.0000	0.0000	0.0391
9305.0	0.0000	0.0000	0.0000	0.0000	0.0329
9330.0	0.0000	0.0000	0.0000	0.0000	0.0283
9355.0	0.0000	0.0000	0.0000	0.0000	0.0264
9380.0	0.0000	0.0000	0.0000	0.0000	0.0271
9405.0	0.0000	0.0000	0.0000	0.0000	0.0283
9430.0	0.0000	0.0000	0.0000	0.0000	0.0275
9455.0	0.0000	0.0000	0.0000	0.0000	0.0254
9480.0	0.0000	0.0000	0.0000	0.0000	0.0252
9505.0	0.0000	0.0000	0.0000	0.0000	0.0256
9530.0	0.0000	0.0000	0.0000	0.0000	0.0246
9555.0	0.0000	0.0000	0.0000	0.0000	0.0244
9580.0	0.0000	0.0000	0.0000	0.0000	0.0252
9605.0	0.0000	0.0000	0.0000	0.0000	0.0258
9630.0	0.0000	0.0000	0.0000	0.0000	0.0265
9655.0	0.0000	0.0000	0.0000	0.0000	0.0274
9680.0	0.0000	0.0000	0.0000	0.0000	0.0279
9705.0	0.0000	0.0000	0.0000	0.0000	0.0271
9730.0	0.0000	0.0000	0.0000	0.0000	0.0252
9755.0	0.0000	0.0000	0.0000	0.0000	0.0236
9780.0	0.0000	0.0000	0.0000	0.0000	0.0227
9805.0	0.0000	0.0000	0.0000	0.0000	0.0222
9830.0	0.0000	0.0000	0.0000	0.0000	0.0216
9855.0	0.0000	0.0000	0.0000	0.0000	0.0208
9880.0	0.0000	0.0000	0.0000	0.0000	0.0196
9905.0	0.0000	0.0000	0.0000	0.0000	0.0183
9930.0	0.0000	0.0000	0.0000	0.0000	0.0171
9955.0	0.0000	0.0000	0.0000	0.0000	0.0160
9980.0	0.0000	0.0000	0.0000	0.0000	0.0149
10005.0	0.0000	0.0000	0.0000	0.0000	0.0138
10030.0	0.0000	0.0000	0.0000	0.0000	0.0128
10055.0	0.0000	0.0000	0.0000	0.0000	0.0118
10080.0	0.0000	0.0000	0.0000	0.0000	0.0108
10105.0	0.0000	0.0000	0.0000	0.0000	0.0099
10130.0	0.0000	0.0000	0.0000	0.0000	0.0091
10155.0	0.0000	0.0000	0.0000	0.0000	0.0083
10180.0	0.0000	0.0000	0.0000	0.0000	0.0075
10205.0	0.0000	0.0000	0.0000	0.0000	0.0068
10230.0	0.0000	0.0000	0.0000	0.0000	0.0061
10255.0	0.0000	0.0000	0.0000	0.0000	0.0055
10280.0	0.0000	0.0000	0.0000	0.0000	0.0050
10305.0	0.0000	0.0000	0.0000	0.0000	0.0045
10330.0	0.0000	0.0000	0.0000	0.0000	0.0041
10355.0	0.0000	0.0000	0.0000	0.0000	0.0037
10380.0	0.0000	0.0000	0.0000	0.0000	0.0033
10405.0	0.0000	0.0000	0.0000	0.0000	0.0030
10430.0	0.0000	0.0000	0.0000	0.0000	0.0027
10455.0	0.0000	0.0000	0.0000	0.0000	0.0025
10480.0	0.0000	0.0000	0.0000	0.0000	0.0023
10505.0	0.0000	0.0000	0.0000	0.0000	0.0021
10530.0	0.0000	0.0000	0.0000	0.0000	0.0019
10555.0	0.0000	0.0000	0.0000	0.0000	0.0018
10580.0	0.0000	0.0000	0.0000	0.0000	0.0017
10605.0	0.0000	0.0000	0.0000	0.0000	0.0016
10630.0	0.0000	0.0000	0.0000	0.0000	0.0015
10655.0	0.0000	0.0000	0.0000	0.0000	0.0014
10680.0	0.0000	0.0000	0.0000	0.0000	0.0013
10705.0	0.0000	0.0000	0.0000	0.0000	0.0012
10730.0	0.0000	0.0000	0.0000	0.0000	0.0011
10755.0	0.0000	0.0000	0.0000	0.0000	0.0010
10780.0	0.0000	0.0000	0.0000	0.0000	0.0009
10805.0	0.0000	0.0000	0.0000	0.0000	0.0008
10830.0	0.0000	0.0000	0.0000	0.0000	0.0008
10855.0	0.0000	0.0000	0.0000	0.0000	0.0007
10880.0	0.0000	0.0000	0.0000	0.0000	0.0006
10905.0	0.0000	0.0000	0.0000	0.0000	0.0006
10930.0	0.0000	0.0000	0.0000	0.0000	0.0006
10955.0	0.0000	0.0000	0.0000	0.0000	0.0005
10980.0	0.0000	0.0000	0.0000	0.0000	0.0005
11005.0	0.0000	0.0000	0.0000	0.0000	0.0004
11030.0	0.0000	0.0000	0.0000	0.0000	0.0004
11055.0	0.0000	0.0000	0.0000	0.0000	0.0003
11080.0	0.0000	0.0000	0.0000	0.0000	0.0003
11105.0	0.0000	0.0000	0.0000	0.0000	0.0002
11130.0	0.0000	0.0000	0.0000	0.0000	0.0002
11155.0	0.0000	0.0000	0.0000	0.0000	0.0001
11180.0	0.0000	0.0000	0.0000	0.0000	0.0001
11205.0	0.0000	0.0000	0.0000	0.0000	0.0000
11230.0	0.0000	0.0000	0.0000	0.0000	0.0000
