5577.349	3.5533
6533.042	0.1378
6553.626	0.1540
6829.502	0.1372
6829.922	0.0328
6831.361	0.0022
6831.961	0.0020
6832.671	0.0170
6834.021	0.0537
6834.451	0.1378
6835.100	0.0030
6835.770	0.0014
6836.080	0.0023
6839.669	0.0053
6840.069	0.0089
6841.959	0.0500
6850.036	0.0036
6850.806	0.0061
6862.693	0.0450
6863.963	0.3732
6864.872	0.0036
6865.042	0.0026
6868.351	0.0028
6868.491	0.0045
6871.071	0.0551
6877.919	0.0016
6878.279	0.0009
6880.238	0.0022
6880.948	0.0212
6881.248	0.0207
6882.108	0.0013
6882.438	0.0035
6882.648	0.0032
6883.337	0.0016
6886.037	0.0032
6887.166	0.0024
6889.296	0.0869
6894.094	0.0062
6894.634	0.0053
6900.803	0.1765
6902.432	0.0027
6903.562	0.0020
6903.882	0.0026
6910.500	0.0014
6911.360	0.0010
6912.639	0.1128
6921.407	0.0029
6923.187	0.2264
6924.596	0.0055
6927.116	0.0010
6927.315	0.0017
6928.335	0.0018
6928.845	0.0013
6929.425	0.0007
6937.643	0.0026
6938.482	0.0016
6939.532	0.1009
6940.772	0.0038
6942.071	0.0027
6948.960	0.1492
6949.170	0.1363
6951.699	0.0082
6952.859	0.0018
6954.558	0.0003
6955.188	0.0016
6955.598	0.0015
6955.888	0.0007
6956.228	0.0018
6956.887	0.0016
6957.457	0.0026
6958.477	0.0010
6958.997	0.0014
6959.937	0.0007
6960.766	0.0018
6961.766	0.0012
6962.836	0.0013
6963.796	0.0009
6965.185	0.0019
6966.335	0.0070
6969.934	0.0725
6971.953	0.0009
6972.993	0.0012
6975.223	0.0015
6976.212	0.0018
6978.262	0.0773
6978.572	0.0730
6979.711	0.0016
6982.521	0.0017
6983.440	0.0025
6986.120	0.0022
6986.330	0.0015
6987.489	0.0014
6987.919	0.0011
6989.269	0.0013
6990.858	0.0009
6991.778	0.0013
6995.407	0.0016
6996.327	0.0012
6996.577	0.0023
6997.007	0.0032
6997.566	0.0020
6999.486	0.0029
7000.946	0.0018
7001.925	0.0010
7002.235	0.0016
7003.865	0.0411
7005.264	0.0016
7011.213	0.0373
7011.633	0.0356
7029.658	0.0035
7041.265	0.0136
7041.465	0.0129
7045.014	0.0017
7045.354	0.0017
7046.023	0.0035
7046.413	0.0018
7046.953	0.0061
7047.873	0.0237
7048.383	0.0183
7049.123	0.0039
7049.582	0.0051
7050.592	0.0042
7051.342	0.0054
7052.342	0.0042
7053.401	0.0046
7054.391	0.0031
7055.761	0.0029
7056.700	0.0011
7059.570	0.0023
7060.689	0.0036
7062.269	0.0028
7062.659	0.0035
7063.709	0.0052
7065.998	0.0053
7067.008	0.0068
7067.558	0.0029
7069.587	0.0059
7070.577	0.0072
7073.466	0.0055
7074.446	0.0064
7077.625	0.0044
7078.585	0.0055
7082.064	0.0044
7082.374	0.0077
7082.693	0.0079
7083.013	0.0035
7085.703	0.0010
7086.792	0.0026
7087.722	0.0028
7088.282	0.0119
7088.922	0.0123
7089.382	0.0011
7089.891	0.0020
7090.331	0.0027
7091.371	0.0011
7091.791	0.0027
7092.411	0.0005
7092.761	0.0021
7097.100	0.0012
7098.029	0.0008
7100.199	0.0012
7101.278	0.0013
7103.638	0.0014
7104.697	0.0013
7107.537	0.0017
7108.576	0.0019
7111.956	0.0017
7112.925	0.0010
7116.734	0.0014
7117.694	0.0010
7121.993	0.0007
7122.943	0.0010
7126.821	0.0020
7127.251	0.0068
7127.671	0.0059
7128.111	0.0016
7128.671	0.0007
7129.351	0.0028
7131.190	0.0016
7132.570	0.0101
7133.360	0.0079
7141.138	0.0015
7141.677	0.0019
7142.197	0.0038
7142.517	0.0033
7142.727	0.0028
7143.257	0.0019
7143.607	0.0074
7144.687	0.0033
7145.057	0.0051
7145.586	0.0002
7146.106	0.0042
7146.796	0.0049
7147.816	0.0040
7148.836	0.0042
7149.845	0.0039
7151.185	0.0024
7152.145	0.0015
7156.204	0.0028
7158.213	0.0031
7159.293	0.0044
7160.003	0.0013
7161.622	0.0047
7162.662	0.0061
7165.331	0.0060
7166.351	0.0068
7169.320	0.0054
7170.320	0.0070
7173.609	0.0043
7174.609	0.0051
7176.008	0.0069
7176.538	0.0055
7178.208	0.0036
7179.187	0.0040
7180.837	0.0095
7181.767	0.0071
7183.106	0.0027
7184.086	0.0026
7188.325	0.0015
7189.305	0.0021
7193.863	0.0006
7194.803	0.0014
7198.502	0.0022
7199.662	0.0011
7199.912	0.0008
7200.821	0.0040
7201.451	0.0013
7202.911	0.0020
7207.930	0.0037
7221.176	0.0026
7221.556	0.0014
7222.366	0.0032
7223.535	0.0010
7223.865	0.0014
7225.225	0.0038
7228.764	0.0071
7229.414	0.0062
7232.453	0.0014
7233.163	0.0091
7233.563	0.0018
7234.262	0.0079
7236.032	0.0008
7237.132	0.0018
7238.781	0.2024
7240.191	0.3092
7240.861	0.1003
7241.420	0.0909
7241.940	0.0498
7242.330	0.0018
7242.740	0.0023
7243.460	0.0046
7243.850	0.0017
7244.560	0.0047
7244.940	0.4685
7245.639	0.0059
7245.869	0.0058
7246.549	0.0748
7246.969	0.0039
7247.599	0.0041
7248.659	0.0035
7249.648	0.0050
7250.698	0.0043
7251.998	0.0025
7253.147	0.1305
7255.297	0.0186
7255.907	0.0286
7256.296	0.0010
7257.106	0.0021
7259.136	0.0025
7260.245	0.0048
7261.275	0.0009
7262.635	0.0040
7263.704	0.0053
7265.414	0.0010
7266.434	0.0043
7267.493	0.0053
7268.043	0.0119
7269.093	0.0168
7270.563	0.0049
7271.592	0.0049
7273.232	0.0008
7275.111	0.1130
7276.041	0.0059
7276.421	0.8218
7277.001	0.0037
7279.290	0.0024
7279.790	0.0026
7280.800	0.0031
7281.530	0.0204
7281.680	0.0143
7284.459	0.3181
7284.849	0.0118
7285.718	0.0075
7286.028	0.0045
7286.398	0.0126
7289.737	0.0101
7290.277	0.0008
7291.007	0.0074
7291.307	0.0011
7291.757	0.0031
7292.117	0.0080
7292.327	0.0053
7295.796	0.0515
7296.106	0.0509
7303.724	0.2052
7305.743	0.0061
7307.073	0.0062
7307.453	0.0052
7310.782	0.0174
7311.322	0.0158
7316.290	0.7065
7329.157	0.2790
7329.477	0.0055
7330.366	0.0035
7330.826	0.0072
7331.566	0.0018
7332.246	0.0043
7332.746	0.0035
7340.894	0.8474
7341.723	0.0049
7344.553	0.0019
7344.902	0.0108
7346.932	0.0073
7347.862	0.0053
7350.381	0.0009
7350.661	0.0101
7351.401	0.0027
7352.111	0.0087
7352.600	0.0031
7353.220	0.0013
7353.760	0.0011
7354.310	0.0016
7355.410	0.0010
7355.999	0.0072
7356.289	0.0025
7357.419	0.0007
7358.029	0.0023
7358.679	0.2620
7360.148	0.0038
7360.308	0.0018
7360.608	0.0023
7361.648	0.0019
7362.258	0.0019
7363.277	0.0015
7363.547	0.0024
7363.917	0.0008
7364.397	0.0034
7364.697	0.0017
7365.517	0.0025
7365.717	0.0034
7365.987	0.0010
7366.837	0.0014
7367.116	0.0014
7367.586	0.0010
7368.726	0.0017
7369.266	0.3680
7369.496	0.3733
7370.675	0.0016
7373.495	0.0013
7374.075	0.0169
7374.564	0.0025
7375.664	0.0012
7377.764	0.0016
7378.263	0.0017
7378.833	0.0018
7379.413	0.0016
7382.452	0.0030
7383.482	0.0048
7383.642	0.0014
7387.311	0.0024
7388.401	0.0027
7390.170	0.0099
7392.210	0.1914
7392.640	0.0025
7393.749	0.0030
7395.429	0.0024
7398.508	0.0015
7399.568	0.0011
7401.697	0.2106
7402.037	0.1908
7411.874	0.0064
7412.074	0.0058
7412.664	0.0058
7413.754	0.0046
7416.133	0.0071
7417.793	0.0057
7422.861	0.0064
7422.861	0.0065
7429.789	0.1328
7429.789	0.1308
7438.257	0.1128
7438.717	0.1039
7439.227	0.0027
7439.447	0.0029
7442.216	0.0013
7444.216	0.0028
7447.045	0.0016
7451.814	0.0029
7458.352	0.0081
7461.241	0.0076
7462.451	0.0270
7463.160	0.0038
7463.790	0.0030
7464.880	0.0130
7466.619	0.0679
7468.249	0.0048
7469.859	0.0022
7470.718	0.0299
7471.388	0.0434
7471.588	0.0397
7472.038	0.0015
7473.688	0.1292
7476.407	0.0046
7479.026	0.0570
7479.616	0.0547
7480.256	0.0504
7483.125	0.0053
7483.475	0.1600
7484.365	0.0036
7486.334	0.0051
7488.234	0.0072
7493.662	0.0611
7499.701	0.0067
7502.260	0.0023
7517.216	0.0248
7517.546	0.0219
7520.415	0.0013
7522.664	0.0543
7524.004	0.4863
7524.854	0.0336
7528.103	0.0053
7528.373	0.0072
7530.642	0.1006
7530.772	0.0999
7535.711	0.0016
7536.131	0.0014
7537.250	0.0030
7537.530	0.0026
7540.170	0.0216
7540.609	0.0201
7546.558	0.0029
7546.868	0.0023
7550.007	0.0014
7552.736	0.0057
7553.526	0.0049
7557.495	0.1103
7558.475	0.0035
7559.924	0.0030
7561.514	0.0041
7563.623	0.0031
7567.402	0.0172
7567.842	0.0151
7571.741	0.3588
7573.670	0.0245
7574.560	0.0213
7586.087	0.1321
7598.374	0.2403
7605.122	0.0065
7606.212	0.0068
7607.371	0.0055
7608.551	0.0061
7609.831	0.0091
7611.140	0.0087
7612.620	0.0028
7613.720	0.0017
7614.050	0.0037
7614.499	0.0021
7615.579	0.0041
7618.058	0.1082
7619.708	0.0036
7621.368	0.0023
7622.077	0.0158
7622.637	0.0138
7622.977	0.0033
7623.647	0.0027
7623.687	0.0034
7625.396	0.0061
7626.166	0.0017
7626.516	0.0110
7627.786	0.0200
7628.506	0.1118
7628.766	0.1434
7630.035	0.0030
7630.245	0.0082
7631.685	0.0094
7633.064	0.0061
7634.144	0.0070
7637.213	0.0051
7638.313	0.0061
7638.993	0.0049
7639.303	0.0030
7641.572	0.0041
7641.852	0.0058
7642.682	0.0042
7643.781	0.0076
7644.891	0.0069
7646.131	0.0025
7647.221	0.0024
7648.480	0.0018
7649.580	0.0030
7650.920	0.0030
7651.969	0.0027
7653.319	0.0770
7655.868	0.0016
7656.938	0.0020
7658.458	0.0013
7662.186	0.0665
7662.556	0.0659
7672.024	0.0036
7672.884	0.0038
7681.391	0.0121
7682.101	0.0100
7684.061	0.0105
7684.311	0.0054
7684.940	0.0022
7685.290	0.0046
7685.730	0.0045
7686.200	0.0029
7686.650	0.0164
7687.900	0.0173
7688.749	0.0015
7689.359	0.0026
7689.699	0.0046
7690.199	0.0045
7690.949	0.0037
7691.519	0.0030
7691.908	0.0530
7692.728	0.0039
7693.538	0.0044
7694.748	0.0039
7695.827	0.0107
7696.977	0.0057
7698.327	0.0048
7698.967	0.0265
7699.466	0.0301
7699.946	0.0261
7701.076	0.0036
7702.246	0.0028
7702.765	0.0014
7703.785	0.0018
7704.095	0.0021
7710.903	0.0020
7712.223	0.3104
7712.633	0.4539
7713.663	0.0048
7713.942	0.0055
7715.052	0.1452
7715.852	0.1542
7716.262	0.0037
7716.912	0.5508
7717.452	0.0063
7718.061	0.2025
7720.311	0.0048
7721.500	0.0057
7723.660	0.1152
7724.600	0.0048
7724.949	0.0050
7726.059	0.1744
7726.849	0.0023
7727.679	0.0045
7729.118	0.0038
7730.288	0.0077
7731.968	0.0038
7732.807	0.0015
7733.827	0.0203
7734.057	0.0079
7734.967	0.0265
7735.847	0.0350
7738.226	0.0052
7738.446	0.0028
7738.846	0.0033
7740.395	0.0107
7741.005	0.0096
7741.945	0.0014
7744.084	0.0033
7745.194	0.0034
7745.584	0.0110
7746.444	0.0084
7749.433	0.1408
7750.653	1.1295
7751.872	0.0118
7752.352	0.0117
7752.582	0.0095
7755.271	0.0024
7756.351	0.0026
7756.811	0.0492
7756.961	0.0211
7760.010	0.5158
7761.230	0.0019
7762.329	0.0029
7764.399	0.0029
7767.438	0.0021
7768.508	0.0022
7769.068	0.0116
7769.257	0.0087
7771.957	0.0240
7773.226	0.0878
7773.526	0.0826
7773.866	0.0050
7774.176	0.0149
7774.986	0.0015
7775.396	0.0094
7779.215	0.0035
7779.595	0.0052
7780.424	0.2964
7781.124	0.0023
7781.584	0.0047
7782.344	0.0034
7783.694	0.0064
7785.013	0.0087
7785.503	0.0091
7785.743	0.0058
7786.283	0.0012
7786.733	0.0046
7787.463	0.0062
7788.672	0.0052
7789.692	0.0059
7790.662	0.0236
7791.222	0.0265
7792.171	0.0057
7793.391	0.0059
7794.111	0.9855
7794.901	0.0064
7796.120	0.0031
7797.960	0.0033
7799.119	0.0009
7799.349	0.0040
7799.859	0.0047
7802.239	0.0013
7803.538	0.0058
7804.058	0.0037
7806.397	0.0037
7807.697	0.0070
7808.477	0.3967
7810.306	0.0051
7811.536	0.0071
7812.406	0.0079
7813.316	0.0063
7814.455	0.0060
7814.825	0.0093
7815.725	0.0138
7816.685	0.0026
7818.844	0.0069
7819.304	0.0160
7820.044	0.0072
7820.983	0.0113
7821.513	1.2525
7822.163	0.0045
7823.493	0.0051
7824.672	0.0060
7825.712	0.0050
7828.361	0.0072
7828.761	0.0170
7829.561	0.0054
7833.540	0.0143
7834.270	0.0035
7834.750	0.0027
7838.599	0.0023
7838.989	0.0023
7840.108	0.0036
7841.278	0.3676
7844.647	0.0018
7845.807	0.0015
7849.156	0.0337
7849.736	0.0968
7850.535	0.0245
7851.985	0.0150
7852.325	0.0494
7853.255	0.5307
7853.515	0.7247
7854.384	0.0036
7855.704	0.0014
7857.993	0.1041
7858.273	0.0195
7860.653	0.4290
7867.731	0.1738
7868.091	0.0129
7870.740	0.5039
7873.419	0.0065
7878.248	0.0220
7878.788	0.2721
7880.997	0.0089
7881.677	0.2072
7883.087	0.0082
7884.406	0.0042
7884.726	0.0077
7885.596	0.0043
7886.006	0.0080
7886.626	0.0119
7887.915	0.0089
7888.815	0.0119
7889.675	0.2793
7890.545	0.0056
7891.284	0.0117
7892.534	0.0094
7893.034	0.0019
7893.534	0.0095
7894.024	0.0102
7895.313	0.0141
7897.063	0.0062
7897.923	0.0062
7898.252	0.0032
7898.612	0.0122
7902.691	0.0150
7903.251	0.0063
7905.620	0.0071
7906.950	0.0122
7909.639	0.0122
7910.909	0.0139
7912.259	0.1593
7913.718	1.4706
7915.128	0.0164
7918.467	0.0506
7919.637	0.0167
7921.106	0.6503
7923.196	0.0103
7924.415	0.0118
7928.254	0.0150
7928.514	0.0097
7929.474	0.0089
7930.884	0.1656
7931.433	0.2355
7932.003	0.0707
7933.253	0.0051
7933.573	0.0101
7934.813	0.0054
7935.222	0.0032
7937.642	0.0034
7938.352	0.0031
7938.682	0.0010
7939.241	0.0037
7940.421	0.0036
7941.701	0.0053
7942.061	0.0057
7942.261	0.0032
7942.860	0.0032
7943.260	0.0066
7944.010	0.0047
7944.450	0.0036
7945.390	0.0190
7946.219	0.0204
7949.209	0.3545
7952.428	0.0147
7962.645	0.0053
7963.935	0.0056
7964.644	1.2113
7968.054	0.0591
7968.244	0.0513
7969.463	0.0035
7970.863	0.0023
7972.532	0.0020
7973.052	0.0022
7973.362	0.0053
7975.562	0.0037
7976.991	0.0815
7977.661	0.0783
7979.760	0.4192
7986.089	0.0032
7986.988	0.0044
7987.488	0.0129
7988.278	0.0053
7989.698	0.0080
7991.117	0.0040
7991.607	0.0069
7993.327	1.2738
7994.027	0.0247
7995.036	0.0071
7996.166	0.0076
7997.446	0.0057
7998.105	0.0147
7998.915	0.0078
8000.155	0.0051
8001.884	0.0069
8002.344	0.0020
8003.174	0.0055
8004.204	0.0026
8005.064	0.0025
8005.693	0.0030
8008.233	0.0038
8010.642	0.0046
8011.992	0.0062
8014.061	0.3370
8014.741	0.0109
8016.041	0.0095
8019.110	0.0088
8020.039	0.0262
8020.389	0.0392
8023.768	0.0086
8025.048	0.0109
8025.678	0.4978
8025.958	0.4797
8028.197	0.0431
8029.027	0.0450
8029.967	0.0060
8031.766	0.0278
8033.976	0.0050
8034.885	0.0018
8035.225	0.0052
8036.125	0.0016
8039.534	0.0038
8040.764	0.0048
8041.194	0.0028
8041.644	0.0022
8042.473	0.0034
8045.363	0.0022
8046.582	0.0019
8049.891	0.0154
8050.101	0.0154
8052.021	0.2170
8055.420	0.0027
8056.610	0.0005
8057.099	0.0016
8059.169	0.0041
8061.988	0.2257
8062.388	0.2167
8063.748	0.0034
8066.077	0.0067
8067.607	0.0039
8074.405	0.0068
8074.695	0.0073
8077.144	0.0141
8077.614	0.0130
8084.592	0.0226
8085.612	0.0227
8093.679	0.0955
8094.959	0.0105
8098.638	0.0006
8099.748	0.0013
8101.147	0.0033
8102.247	0.1040
8102.767	0.0966
8104.287	0.0026
8104.667	0.0018
8105.006	0.0058
8106.336	0.0032
8107.386	0.0031
8108.715	0.0020
8110.095	0.0031
8111.405	0.0026
8113.164	0.0015
8119.582	0.0020
8122.012	0.0022
8123.401	0.0040
8126.221	0.0035
8127.560	0.0063
8130.709	0.0036
8131.529	0.0039
8132.029	0.0043
8132.709	0.0029
8134.588	0.0052
8135.518	0.0030
8136.318	0.0034
8136.818	0.0043
8138.357	0.0095
8138.977	0.0173
8139.277	0.0198
8139.597	0.0078
8140.207	0.0083
8140.657	0.0045
8141.936	0.0041
8146.115	0.0018
8146.495	0.0560
8147.175	0.0370
8147.645	0.0136
8151.124	0.0014
8151.894	0.0020
8153.143	0.0021
8188.204	0.0191
8188.624	0.0130
8194.852	0.0219
8195.642	0.0174
8204.649	0.0043
8205.979	0.0027
8207.509	0.0087
8208.358	0.0040
8209.408	0.0037
8213.897	0.0057
8215.326	0.0061
8241.469	0.0120
8241.999	0.0111
8247.358	0.0172
8248.298	0.0131
8255.186	0.0136
8268.602	0.0030
8272.071	0.0028
8276.530	0.0122
8278.309	0.2271
8278.589	0.1023
8281.039	0.1187
8281.688	0.5491
8282.318	0.0074
8282.678	0.0442
8283.178	0.0295
8283.818	0.0035
8284.938	0.0060
8286.407	0.2280
8288.607	0.8999
8290.586	0.0543
8296.245	0.3530
8298.904	1.0620
8299.474	0.0106
8302.013	0.0215
8302.523	0.0312
8304.072	0.0147
8305.192	0.0103
8308.361	0.0049
8310.711	0.3869
8317.689	0.0196
8318.478	0.0254
8319.688	0.0066
8337.553	0.0192
8338.413	0.0131
8338.693	0.0116
8343.032	0.3167
8344.601	2.7604
8349.630	0.0439
8349.920	0.0421
8352.879	0.9431
8356.268	0.0055
8360.427	0.0164
8360.707	0.0119
8361.097	0.0339
8361.697	0.0188
8362.636	0.0121
8363.036	0.0114
8364.506	0.1565
8364.966	0.1563
8365.486	0.0075
8366.435	0.0170
8367.075	0.0051
8369.455	0.0039
8372.804	0.0033
8376.113	0.0105
8379.912	0.0442
8380.742	0.0451
8382.391	0.6576
8387.290	0.0069
8390.179	0.0158
8391.169	0.0106
8391.689	0.0087
8395.608	0.0042
8399.177	2.2884
8400.456	0.0104
8415.232	0.8391
8423.010	0.0080
8423.290	0.0058
8424.110	0.0115
8424.750	0.0049
8426.389	0.0159
8427.429	0.0325
8430.158	2.2132
8432.168	0.0169
8434.387	0.0401
8435.977	0.0032
8446.364	0.0155
8446.774	0.0066
8448.593	0.0013
8449.333	0.0020
8450.963	0.0088
8452.262	0.7340
8453.782	0.0028
8454.142	0.0065
8456.781	0.0027
8460.450	0.0055
8460.880	0.0041
8461.570	0.0063
8462.409	0.0052
8465.229	0.9742
8465.509	0.9274
8474.616	0.0482
8493.391	0.4922
8494.031	0.0221
8494.271	0.0314
8496.900	0.0155
8498.030	0.0108
8500.869	0.0185
8502.549	0.0207
8503.118	0.0033
8503.738	0.0066
8504.638	0.4758
8505.068	0.4737
8520.424	0.0124
8520.754	0.0144
8538.689	0.7987
8541.978	0.0166
8548.386	0.1936
8548.956	0.1707
8572.100	0.0085
8573.449	0.0230
8573.769	0.0270
8575.729	0.0126
8577.648	0.0109
8588.015	0.0489
8588.365	0.0448
8596.663	0.0704
8597.373	0.0716
8604.161	0.0028
8604.471	0.0051
8606.250	0.0041
8607.930	0.0033
8608.340	0.0065
8609.959	0.0041
8610.559	0.0114
8612.159	0.0086
8612.959	0.0200
8614.558	0.0221
8615.558	0.0444
8617.137	0.0407
8618.367	0.0775
8619.917	0.0630
8621.356	0.1183
8622.896	0.1083
8624.535	0.1675
8626.065	0.1512
8627.914	0.2172
8629.424	0.1761
8631.493	0.2270
8632.983	0.1892
8635.262	0.2066
8636.722	0.1445
8639.241	0.1223
8640.651	0.0511
8641.841	0.0180
8642.271	0.0122
8643.870	0.0000
8646.899	0.1891
8649.719	0.2018
8650.378	0.0413
8651.288	0.2553
8652.258	0.0065
8653.767	0.0092
8654.357	0.2530
8655.857	0.3228
8657.726	0.0129
8659.136	0.2742
8660.636	0.3407
8664.125	0.2781
8665.584	0.3188
8667.954	0.0075
8669.273	0.2331
8670.723	0.2657
8674.622	0.1758
8676.061	0.1927
8680.160	0.1225
8681.580	0.1291
8683.389	0.0025
8685.889	0.0719
8687.298	0.0811
8691.807	0.0408
8693.207	0.0477
8697.915	0.0193
8699.305	0.0210
8700.115	0.0325
8700.685	0.0273
8701.634	0.0027
8702.134	0.0019
8704.204	0.0109
8705.603	0.0098
8706.953	0.0478
8707.983	0.0387
8710.712	0.0042
8711.582	0.0008
8712.072	0.0041
8716.620	0.0017
8717.400	0.0033
8718.740	0.0025
8726.748	0.0226
8737.475	0.0140
8739.154	0.0098
8740.594	0.0185
8742.963	0.0110
8746.972	0.0046
8750.241	0.0213
8758.729	0.4752
8760.279	0.2167
8761.338	1.0672
8761.618	0.4333
8763.018	0.0339
8763.718	0.0257
8766.417	0.5656
8767.916	1.7036
8769.156	0.0449
8770.376	0.0372
8775.034	0.0134
8776.214	0.7999
8778.334	1.8142
8790.230	0.0551
8791.180	0.7523
8801.597	0.0029
8801.957	0.0048
8809.215	0.0499
8810.175	0.0369
8810.435	0.0350
8825.451	0.5247
8827.100	4.5357
8828.000	0.0182
8829.880	0.0099
8830.759	0.0633
8831.559	0.0259
8832.919	0.1436
8833.119	0.1259
8833.549	0.0127
8834.118	0.0335
8834.528	0.0263
8836.448	1.8194
8837.677	0.0384
8845.275	0.0297
8845.615	0.0296
8847.005	0.0111
8849.594	0.2932
8850.064	0.2832
8854.163	0.0035
8859.192	0.0010
8859.801	0.0010
8860.761	0.0015
8861.661	0.0411
8862.491	0.0090
8862.841	0.0353
8863.400	0.0211
8864.370	0.0016
8866.990	0.0873
8867.599	1.2335
8871.338	0.0016
8884.485	0.0078
8885.854	3.6747
8888.694	0.0238
8890.043	0.0250
8895.202	0.0183
8895.452	0.0172
8896.551	0.0193
8897.251	0.0163
8903.110	1.5149
8904.349	0.0265
8905.679	0.0067
8908.398	0.0476
8910.038	0.0350
8914.807	0.0073
8916.756	0.0057
8919.635	4.0098
8920.855	0.0275
8921.425	0.0081
8922.794	0.0025
8924.044	0.0172
8926.183	0.0093
8926.773	0.0232
8927.403	0.0017
8928.083	0.0580
8929.093	0.0028
8929.692	0.0121
8930.112	0.0034
8931.802	0.0022
8933.102	0.0047
8933.951	0.0074
8934.321	0.0054
8934.751	0.0031
8935.351	0.0090
8936.251	0.0180
8937.940	0.0029
8939.380	0.0079
8939.780	0.0037
8941.419	0.0025
8943.409	1.3188
8945.168	0.0016
8947.558	0.0027
8955.535	0.0022
8957.945	1.7154
8958.245	1.6465
8960.154	0.0054
8962.983	0.0033
8963.343	0.0030
8965.003	0.0068
8968.502	0.0059
8969.402	0.0036
8970.091	0.0065
8971.221	0.0743
8973.860	0.0047
8975.430	0.0070
8977.549	0.0047
8977.979	0.0115
8978.549	0.0042
8979.469	0.0154
8981.108	0.0485
8982.328	0.0259
8985.407	0.0039
8985.777	0.0525
8986.957	0.0040
8987.637	0.0309
8988.377	0.8908
8991.456	0.0040
8992.305	0.0522
8992.535	0.0370
8993.065	0.0058
8997.904	0.0016
9001.123	0.9245
9001.583	0.9156
9020.928	0.0203
9021.268	0.0228
9025.966	0.0050
9027.546	0.0075
9028.506	0.0152
9028.995	0.0072
9030.245	0.0078
9031.745	0.0118
9038.053	0.4613
9043.602	0.0203
9049.240	0.4561
9049.860	0.4285
9050.760	0.0034
9052.229	0.0048
9053.959	0.0041
9055.698	0.0037
9056.618	0.0109
9056.968	0.0099
9059.457	0.0027
9061.077	0.0019
9064.246	0.0336
9065.646	0.0262
9068.555	0.0499
9070.654	0.0338
9074.533	0.0020
9076.253	0.0044
9079.532	0.0048
9081.191	0.0047
9082.791	0.0040
9083.591	0.0046
9090.349	0.0056
9091.179	0.0022
9091.998	0.0055
9092.418	0.1472
9092.728	0.1389
9093.658	0.0322
9096.147	0.0042
9097.347	0.0012
9097.787	0.0054
9098.886	0.0035
9099.326	0.0043
9102.406	0.2189
9103.175	0.2071
9103.855	0.0047
9108.674	0.0015
9110.233	0.0020
9133.957	0.0160
9136.366	0.0137
9139.905	0.0076
9144.004	0.0022
9147.243	0.0087
9151.412	0.0276
9151.782	0.0911
9152.252	0.0778
9152.962	0.0303
9154.581	0.0209
9156.961	0.0386
9159.340	0.0268
9160.690	0.1279
9161.639	0.1184
9174.556	0.0017
9175.876	0.0024
9200.059	0.0034
9205.118	0.0038
9208.837	0.0049
9210.526	0.0043
9214.525	0.0052
9216.265	0.0830
9216.874	0.0654
9224.282	0.1329
9225.412	0.0955
9286.046	0.0007
9286.805	0.0007
9293.244	0.0012
9294.603	0.0012
9305.970	0.2939
9306.000	0.2939
9307.340	0.6480
9307.390	0.6480
9308.989	0.1428
9309.109	0.1428
9309.369	0.1052
9309.389	0.1052
9310.699	0.0551
9310.819	0.0551
9312.858	0.2870
9312.938	0.2870
9313.308	1.0777
9313.368	1.0777
9317.657	0.0303
9317.747	0.0303
9317.867	0.0169
9317.987	0.0169
9322.426	0.4270
9322.456	0.4270
9323.695	1.1668
9323.745	1.1668
9330.484	0.0042
9330.564	0.0042
9330.993	0.0071
9331.173	0.0071
9337.832	0.4099
9337.862	0.4099
9348.559	0.0008
9348.589	0.0008
9349.518	0.0014
9349.808	0.0014
9361.295	0.0001
9362.235	0.0001
9367.843	0.0002
9369.433	0.0002
9372.102	0.0001
9372.142	0.0001
9373.362	0.0002
9373.782	0.0002
9374.292	0.2970
9374.332	0.2970
9375.951	2.7961
9375.961	2.7961
9382.879	0.0940
9382.929	0.0940
9386.678	1.1002
9386.728	1.1002
9397.055	0.0400
9397.115	0.0400
9402.024	0.4134
9402.124	0.4134
9402.694	0.0000
9403.264	0.0000
9416.710	0.0161
9416.740	0.0161
9419.669	0.6000
9419.779	0.6000
9422.179	0.1387
9422.359	0.1387
9439.594	2.0128
9439.694	2.0128
9441.743	0.0057
9441.743	0.0057
9447.322	0.0405
9447.602	0.0405
9458.489	0.8049
9458.559	0.8049
9472.085	0.0017
9472.155	0.0017
9476.744	2.3253
9476.954	2.3253
9477.604	0.0102
9477.993	0.0102
9502.807	0.6956
9502.817	0.6956
9507.825	0.0004
9507.965	0.0004
9513.154	0.0022
9513.684	0.0022
9519.172	1.7538
9519.522	1.7538
9549.044	0.0001
9549.274	0.0001
9552.483	0.4440
9552.573	0.4440
9554.133	0.0004
9554.813	0.0004
9567.079	0.9999
9567.579	0.9999
9600.700	0.0001
9601.550	0.0001
9607.618	0.2190
9607.818	0.2190
9620.625	0.4496
9621.294	0.4496
9651.456	0.0017
9651.626	0.0017
9652.826	0.0010
9653.036	0.0010
9653.206	0.0112
9653.406	0.0112
9653.786	0.0002
9653.906	0.0002
9654.515	0.0001
9654.715	0.0001
9655.485	0.0066
9655.685	0.0066
9658.974	0.0574
9659.184	0.0574
9662.563	0.0318
9662.743	0.0318
9668.332	0.0853
9668.662	0.2232
9668.662	0.0853
9668.862	0.2232
9674.160	0.1147
9674.300	0.1147
9679.948	0.1627
9680.808	0.1627
9682.148	0.6494
9682.328	0.6494
9690.456	0.3035
9690.536	0.3035
9699.253	1.3546
9699.403	1.3546
9711.700	0.5624
9711.700	0.5624
9719.778	1.7385
9719.878	1.7385
9734.784	0.0267
9735.263	0.0267
9738.053	0.6328
9738.113	0.6328
9745.211	0.0478
9746.270	0.0478
9789.399	0.5126
9789.419	0.5126
9791.108	4.6956
9791.118	4.6956
9796.517	0.1513
9796.547	0.1513
9799.646	1.6243
9799.686	1.6243
9807.174	0.0067
9807.814	0.0067
9808.194	0.0569
9808.214	0.0569
9811.933	0.5126
9812.023	0.5126
9816.591	0.0115
9817.881	0.0115
9824.259	0.0189
9824.259	0.0189
9828.148	0.1364
9828.288	0.1364
9844.564	0.0051
9844.604	0.0051
9848.383	0.0302
9848.413	1.0388
9848.543	1.0388
9848.603	0.0302
9869.097	0.0012
9869.187	0.0012
9872.056	3.4765
9872.206	3.4765
9872.746	0.0055
9873.036	0.0055
9885.742	0.0014
9886.562	0.0014
9894.290	0.0023
9894.720	1.2808
9894.760	1.2808
9895.840	0.0023
9897.859	0.0002
9898.009	0.0002
9901.288	0.0008
9901.678	0.0008
9914.525	3.5916
9914.805	3.5916
9934.089	0.0001
9934.579	0.0001
9941.617	0.8193
9941.657	0.8193
9942.187	0.3972
9942.187	0.3972
9945.226	0.9574
9945.286	0.9574
9945.396	0.1903
9945.536	0.1903
9946.476	1.2922
9946.526	1.2922
9947.686	0.3584
9947.796	0.3584
9948.315	0.1536
9948.395	0.1536
9949.615	0.0794
9949.765	0.0794
9956.553	1.3425
9956.593	1.3425
9956.613	0.5064
9956.673	0.5064
9960.262	0.0484
9960.272	0.0266
9960.402	0.0266
9960.422	0.0484
9961.712	2.3060
9962.142	2.3060
9970.739	0.0002
9971.759	0.0002
9972.339	0.4680
9972.349	0.4680
9977.358	0.0073
9977.448	0.0073
9978.177	0.0126
9978.457	0.0126
9978.557	0.0004
9980.377	0.0004
9999.891	0.4981
10000.081	0.4981
10000.911	0.0016
10000.941	0.0016
10002.271	0.0027
10002.691	0.0027
10011.308	0.3298
10011.358	0.3298
10012.798	3.1161
10012.808	3.1161
10013.688	1.0627
10014.278	1.0627
10021.296	0.1059
10021.366	0.1059
10025.414	1.2627
10025.474	1.2627
10030.993	0.0003
10031.053	0.0003
10032.713	0.0005
10033.302	0.0005
10037.811	0.0464
10037.891	0.0464
10043.450	0.4937
10043.570	0.4937
10058.855	0.1886
10059.175	0.1886
10060.645	0.6638
10060.755	0.0195
10060.775	0.6638
10060.815	0.0195
10062.454	0.0000
10063.704	0.0000
10067.113	0.1745
10067.323	0.1745
10067.763	0.0000
10067.923	0.0000
10069.652	0.0001
10069.742	0.0001
10070.492	0.3667
10070.512	0.0001
10071.252	0.3667
10071.772	0.0001
10082.409	2.2215
10082.519	2.2215
10090.047	0.0073
10090.067	0.0073
10096.635	0.0543
10096.965	0.0543
10103.543	0.9062
10103.653	0.9062
10122.238	0.0534
10122.708	0.0534
10123.888	2.6287
10124.118	2.6287
10125.637	0.0023
10125.687	0.0023
10132.175	0.0967
10132.205	0.0147
10132.675	0.0147
10133.105	0.0967
10142.913	0.0058
10143.062	0.0058
10143.712	0.0348
10143.892	0.0348
10144.312	0.0035
10144.512	0.0035
10146.102	0.0202
10146.312	0.0202
10146.592	0.0007
10146.681	0.0007
10147.281	0.0005
10147.471	0.0005
10148.901	0.1633
10149.091	0.1633
10152.730	0.0892
10152.910	0.0892
10152.950	0.8081
10152.980	0.8081
10154.819	0.0001
10154.849	0.0001
10154.999	0.0000
10155.159	0.0000
10158.378	0.5912
10158.578	0.5912
10164.297	0.2994
10164.437	0.2994
10167.616	0.0006
10167.746	0.0006
10171.505	2.0540
10171.885	2.0540
10172.015	1.6164
10172.195	1.6164
10174.024	0.0034
10174.654	0.0034
10180.982	0.7452
10181.072	0.7452
10189.630	3.1986
10189.770	3.1986
10190.200	0.0115
10190.819	0.0115
10198.787	0.0196
10199.897	0.0196
10203.036	1.3119
10203.046	1.3119
10208.745	0.5392
10208.805	0.5392
10210.994	3.9539
10211.094	3.9539
10216.113	0.0001
10216.363	0.0001
10222.291	0.0007
10223.111	0.0007
10225.500	1.2273
10226.050	1.2273
10230.619	1.4236
10230.689	1.4236
10262.900	0.0019
10263.680	0.0019
10270.398	0.0031
10270.978	0.2819
10271.168	0.2819
10271.318	0.0000
10271.687	0.0000
10271.707	0.0031
10277.226	0.0001
10278.256	0.0001
10284.754	1.1201
10284.774	1.1201
10286.094	0.5859
10286.623	10.3189
10286.633	10.3189
10286.843	0.5859
10292.502	0.3370
10292.532	0.3370
10295.991	3.6655
10296.041	3.6655
10305.228	0.1300
10305.258	0.1300
10309.467	1.1966
10309.557	1.1966
10322.774	0.0450
10322.774	0.0450
10327.212	0.3360
10327.372	0.3360
10339.859	0.1179
10340.189	0.1179
10340.499	0.0002
10341.448	0.0002
10344.978	0.0128
10345.018	0.0128
10347.107	0.0004
10347.217	2.2566
10347.347	2.2566
10348.637	0.0004
10349.366	0.0787
10349.606	0.0787
10353.495	0.2276
10354.465	0.2276
10371.810	0.0030
10371.910	0.0030
10372.790	7.5322
10372.950	7.5322
10376.029	0.0152
10376.359	0.0152
10396.503	2.8217
10396.553	2.8217
10403.302	0.0006
10403.462	0.0006
10407.281	0.0024
10407.720	0.0024
10415.578	0.0401
10416.078	0.0401
10418.208	7.9480
10418.507	7.9480
10427.935	0.0728
10429.035	0.0000
10429.145	0.0728
10430.794	0.0000
10439.472	0.0001
10439.712	0.0001
10443.211	0.0003
10443.761	0.0003
10450.469	2.1657
10450.519	2.1657
10468.724	5.2584
10469.184	5.2584
10483.890	0.0000
10484.580	0.0000
10498.416	0.0112
10499.096	0.0112
10509.033	1.1711
10509.223	1.1711
10509.653	0.0193
10511.142	0.0193
10524.459	2.5242
10525.078	2.5242
10572.326	0.4672
10572.666	0.4672
10585.452	0.9179
10586.252	0.9179
10588.661	0.0026
10589.551	0.0026
10598.948	0.0042
10600.728	0.0042
10640.507	0.1410
10640.997	0.1410
10651.784	0.2571
10652.784	0.2571
10683.665	0.0626
10683.825	0.0626
10684.235	0.0113
10684.345	0.0113
10685.615	0.0068
10685.825	0.0068
10686.165	0.0359
10686.375	0.0359
10686.674	0.0005
10687.794	0.0005
10687.964	0.2727
10688.154	0.2727
10689.744	0.0016
10689.794	0.0016
10690.343	0.0010
10690.533	0.0010
10692.053	0.1474
10692.243	0.1474
10696.152	0.0008
10697.012	0.9260
10697.202	0.9260
10698.251	0.0008
10700.271	0.0002
10700.301	0.0002
10700.331	0.0001
10700.491	0.0001
10703.390	0.4645
10703.540	0.4645
10710.648	2.4013
10710.828	2.4013
10713.727	0.0326
10714.377	0.0326
10720.355	1.0964
10720.455	1.0964
10723.514	0.0561
10724.724	0.0561
10728.693	4.5518
10728.843	4.5518
10743.189	1.8507
10743.209	1.8507
10750.917	5.4460
10751.017	5.4460
10772.061	1.9465
10772.141	1.9465
10792.156	0.0058
10792.856	0.0001
10792.996	0.0058
10794.225	0.0001
10800.753	0.0096
10801.623	0.0001
10802.183	0.0096
10804.093	0.0001
10829.266	1.4982
10829.296	1.4982
10831.305	13.8895
10831.325	13.8895
10837.783	0.4555
10837.823	0.4555
10841.692	5.0589
10841.742	5.0589
10851.790	0.1794
10851.830	0.1794
10856.598	1.7076
10856.698	1.7076
10871.124	0.0644
10871.124	0.0644
10875.993	0.0008
10876.213	0.4999
10876.393	0.4999
10877.013	0.0008
10883.611	0.0013
10885.270	0.0013
10895.618	0.0195
10895.618	3.0155
10895.658	0.0195
10895.758	3.0155
10900.696	0.1236
10900.956	0.1236
10923.350	10.0818
10923.510	10.0818
10925.260	0.0048
10925.349	0.0048
10930.158	0.0254
10930.528	0.0254
10948.313	3.8317
10948.373	3.8317
10960.050	0.0009
10960.220	0.0009
10964.709	0.0043
10965.199	0.0043
10965.419	0.0001
10966.638	0.0001
10972.167	10.8589
10972.237	0.0001
10972.467	10.8589
10974.136	0.0001
11000.059	0.0002
11000.319	0.0002
11004.448	0.0006
11005.068	0.0006
11006.247	3.0245
11006.297	3.0245
11026.552	7.4083
11027.022	7.4083
11049.476	0.0001
11050.245	0.0001
11069.320	1.7007
11069.510	1.7007
11086.646	3.7057
11087.305	3.7057
11137.682	0.7138
11138.022	0.7138
11152.538	1.4163
11153.397	1.4163
11211.472	0.2289
11211.981	0.2289
11224.328	0.4216
11225.398	0.4216
11285.032	0.0990
11285.151	0.0990
11287.531	0.0195
11287.581	0.0195
11287.641	0.0562
11287.851	0.0562
11287.991	0.3999
11288.151	0.3999
11288.890	0.0116
11289.100	0.0116
11290.870	0.0569
11291.560	0.0569
11292.350	0.2140
11292.549	0.2140
11295.549	0.0031
11295.579	0.0031
11296.059	0.0019
11296.238	0.0019
11296.248	1.2718
11296.428	1.2718
11302.107	0.0988
11303.157	0.6311
11303.307	0.6311
11303.407	0.0988
11309.145	0.0003
11309.175	0.0004
11309.295	0.0003
11309.305	0.0004
11309.655	3.1224
11309.835	3.1224
11320.212	1.4109
11320.312	1.4109
11328.010	5.6621
11328.160	5.6621
11328.570	0.0000
11328.810	0.0000
11343.766	2.2817
11343.776	2.2817
11351.074	6.5505
11351.163	6.5505
11373.977	2.3260
11374.047	2.3260
11376.077	0.0111
11376.956	0.0111
11385.994	0.0183
11387.534	0.0183
11434.611	1.7515
11434.641	1.7515
11436.790	16.3377
11436.810	16.3377
11444.068	0.5394
11444.118	0.5394
11448.437	6.1049
11448.487	6.1049
11459.664	0.2178
11459.704	0.2178
11465.122	2.1343
11465.232	2.1343
11467.312	0.0017
11468.402	0.0017
11476.149	0.0027
11477.949	0.0027
11481.208	0.0812
11481.218	0.0812
11487.066	0.6530
11487.266	0.6530
11505.381	3.5252
11505.531	3.5252
11508.561	0.0258
11508.591	0.0258
11514.449	0.1703
11514.749	0.1703
11535.543	11.8041
11535.713	11.8041
11541.682	0.0068
11541.782	0.0068
11547.400	0.0375
11547.830	0.0375
11562.036	4.5594
11562.116	4.5594
11564.785	0.0002
11566.095	0.0002
11572.723	0.0003
11574.803	0.0003
11580.601	0.0014
11580.781	0.0014
11586.069	0.0069
11586.629	0.0069
11588.339	13.0010
11588.669	13.0010
11624.639	3.7052
11624.679	3.7052
11625.389	0.0003
11625.679	0.0003
11630.567	0.0011
11631.277	0.0011
11647.293	9.1616
11647.803	9.1616
11675.945	0.0000
11676.155	0.0000
11676.555	0.0000
11678.314	0.0000
11681.024	0.0001
11681.923	0.0001
11693.040	2.1714
11693.230	2.1714
11712.575	4.7793
11713.295	4.7793
11767.420	0.9604
11767.780	0.9604
11784.325	1.9269
11785.255	1.9269
11847.928	0.3282
11848.458	0.3282
11862.664	0.6113
11863.834	0.6113
11934.764	0.0880
11935.494	0.0880
11947.721	0.1543
11949.141	0.1543
11964.596	0.1366
11964.676	0.1366
11965.516	0.5108
11965.646	0.5108
11967.266	0.0768
11967.496	0.0768
11969.885	0.0294
11969.895	0.0294
11970.165	0.2703
11970.375	0.2703
11971.155	0.0174
11971.374	0.0174
11972.464	1.5206
11972.624	1.5206
11979.952	0.7464
11980.122	0.7464
11981.422	0.0051
11981.532	0.0051
11981.802	0.0032
11981.982	0.0032
11985.281	3.5315
11985.441	3.5315
11996.798	1.5790
11996.908	1.5790
11999.217	0.0005
11999.337	0.0005
11999.427	0.0007
11999.667	0.0007
12003.716	6.1267
12003.856	6.1267
12020.931	2.4453
12020.961	2.4453
12023.470	0.0001
12023.520	0.0001
12024.070	0.0001
12024.460	0.0001
12027.539	6.8444
12027.629	6.8444
12028.159	0.0187
12029.099	0.0187
12039.656	0.0312
12041.345	0.0312
12052.532	2.4155
12052.602	2.4155
12117.045	1.7799
12117.085	1.7799
12119.304	16.6929
12119.324	16.6929
12127.712	0.5548
12127.772	0.5548
12128.382	0.0032
12129.541	0.0032
12132.561	6.4020
12132.621	6.4020
12138.669	0.0051
12140.638	0.0051
12145.317	0.2297
12145.367	0.2297
12151.535	2.3200
12151.665	2.3200
12169.690	0.0889
12169.720	0.0889
12176.469	0.7428
12176.689	0.7428
12192.954	3.5855
12193.124	3.5855
12200.692	0.0296
12200.712	0.0296
12207.570	0.2050
12207.910	0.2050
12225.855	12.0117
12226.025	12.0117
12235.692	0.0004
12237.092	0.0004
12238.262	0.0083
12238.362	0.0083
12244.960	0.0007
12245.010	0.0481
12245.500	0.0481
12247.249	0.0007
12254.317	4.7172
12254.417	4.7172
12282.470	0.0019
12282.670	0.0019
12283.449	13.5370
12283.789	13.5370
12288.968	0.0095
12289.608	0.0095
12322.519	3.9507
12322.539	3.9507
12333.416	0.0004
12333.716	0.0004
12339.594	0.0016
12340.414	0.0016
12347.942	9.8588
12348.482	9.8588
12350.381	0.0000
12352.041	0.0000
12358.799	0.0001
12361.428	0.0001
12391.220	0.0001
12391.660	0.0001
12396.908	0.0006
12397.068	0.0002
12397.388	2.4139
12397.568	2.4139
12398.098	0.0002
12409.575	0.0023
12419.562	5.3731
12420.322	5.3731
12422.581	0.0083
12435.928	0.0273
12449.614	0.0832
12463.630	0.2326
12477.986	0.5927
12479.106	1.1266
12479.466	1.1266
12492.662	1.3951
12498.481	2.2861
12499.491	2.2861
12507.678	3.0059
12523.004	5.9105
12538.660	10.6185
12554.645	17.4391
12554.715	0.0003
12558.344	0.0003
12558.694	0.0011
12562.303	0.0011
12562.983	0.0042
12566.562	0.0045
12567.572	0.0149
12567.852	0.4110
12568.412	0.4110
12570.941	25.9814
12571.121	0.0160
12572.451	0.0493
12575.980	0.0532
12577.639	0.1482
12581.138	0.1614
12583.108	0.4123
12584.887	0.7739
12586.157	0.7739
12586.587	0.4494
12587.547	35.3461
12588.876	1.0461
12592.325	1.1502
12594.924	2.4170
12598.344	2.6915
12601.263	5.1342
12604.482	42.9972
12604.662	5.7728
12607.881	9.9227
12611.250	11.3345
12614.779	17.5072
12618.118	20.3624
12621.737	46.9787
12621.957	27.8286
12625.276	33.0469
12629.405	39.9823
12632.694	49.1637
12637.143	51.4727
12639.312	45.7399
12640.402	66.0724
12645.141	58.3227
12648.370	80.1619
12653.429	56.7153
12656.618	86.8600
12657.257	38.9886
12662.006	44.0671
12663.876	0.1188
12664.645	0.1188
12665.135	84.2124
12670.904	19.4031
12673.913	74.8296
12678.962	0.2107
12680.001	40.9632
12680.221	8.1912
12680.521	0.2107
12680.691	41.5539
12680.731	15.3844
12681.521	18.5831
12681.581	38.3899
12682.571	17.9962
12682.721	31.8034
12683.360	65.7322
12683.880	14.9312
12683.930	95.9537
12684.100	23.8455
12684.760	103.4724
12685.450	10.8125
12685.740	16.1572
12685.850	93.3345
12687.189	73.8393
12687.279	7.0284
12687.629	9.9623
12688.799	51.9077
12689.369	4.1040
12689.789	5.5670
12690.658	32.7609
12691.728	2.1636
12692.208	2.8518
12692.788	18.7779
12693.698	20.5076
12694.347	1.0417
12694.887	1.3309
12695.177	9.7589
12697.057	7.5300
12697.237	0.4541
12697.826	4.6246
12697.836	0.5691
12700.396	0.1811
12700.746	2.0030
12701.046	0.2240
12703.535	39.9611
12703.825	0.0664
12703.935	0.7904
12704.535	0.0804
12706.784	22.5149
12707.394	0.2869
12707.524	0.0221
12708.294	0.0265
12711.123	0.0952
12711.503	0.0068
12712.332	0.0080
12713.582	46.1174
12715.132	0.0291
12715.762	0.0019
12716.641	0.0022
12716.781	30.7086
12719.421	0.0081
12720.300	0.0005
12721.240	0.0006
12721.870	7.4359
12723.889	43.0860
12723.999	0.0021
12727.038	31.2229
12728.858	0.0005
12734.007	0.0001
12734.456	34.8489
12737.576	26.6758
12741.145	12.4937
12744.424	0.5991
12744.504	0.5991
12745.283	24.8788
12746.623	0.1731
12746.633	0.1731
12748.373	19.8020
12749.232	1.6678
12749.322	0.0963
12749.362	1.6678
12749.382	0.3136
12749.572	0.0963
12749.612	0.3136
12755.951	0.0407
12756.061	0.0407
12756.380	15.8110
12757.140	0.0238
12757.370	0.0238
12757.390	0.8095
12757.590	0.8095
12759.440	13.0414
12760.719	13.7283
12760.839	3.6627
12760.989	3.6627
12767.447	0.0275
12767.747	9.1287
12768.447	0.0275
12770.787	7.6649
12772.656	0.0078
12772.836	0.0048
12772.906	0.0078
12773.006	0.0048
12773.526	1.6203
12773.666	1.6203
12778.994	6.0694
12779.124	6.0694
12779.394	4.7573
12780.584	12.1344
12780.914	0.0465
12782.403	4.0787
12782.783	0.0465
12791.301	2.2719
12794.290	1.9717
12796.470	0.0008
12796.560	0.0008
12796.949	0.0012
12797.379	0.0012
12798.009	2.4022
12798.049	2.4022
12800.758	9.2461
12803.428	6.5494
12803.488	0.9873
12803.518	6.5494
12806.457	0.8672
12815.954	0.3920
12818.893	0.3468
12821.243	6.1663
12828.151	0.0001
12828.161	0.0001
12828.701	0.1422
12829.061	0.0002
12829.690	0.0002
12831.010	2.2990
12831.070	2.2990
12831.610	0.1275
12841.717	0.0474
12842.027	3.6837
12844.616	0.0428
12855.024	0.0145
12857.893	0.0132
12863.121	1.9721
12868.620	0.0041
12871.469	0.0037
12878.887	0.0051
12880.137	0.0051
12882.506	0.0010
12884.526	0.9613
12885.325	0.0010
12891.004	0.0084
12893.193	0.0084
12896.682	0.0002
12899.481	0.0002
12899.971	1.6577
12900.021	1.6577
12902.161	15.6198
12902.181	15.6198
12906.250	0.4229
12912.218	0.5233
12912.298	0.5233
12917.557	6.1524
12917.626	6.1524
12928.284	0.1705
12932.472	0.2220
12932.552	0.2220
12939.551	2.3125
12939.700	2.3125
12950.627	0.0628
12960.565	0.0892
12960.615	0.0892
12968.443	0.7761
12968.703	0.7761
12973.291	0.0211
12981.989	3.3420
12982.179	3.3420
12996.275	0.0065
12996.385	0.0313
12996.385	0.0313
12998.524	0.0008
13000.044	0.0008
13004.473	0.2265
13004.863	0.2265
13009.501	0.0012
13012.061	0.0012
13017.969	11.2012
13018.159	11.2012
13019.579	0.0018
13039.853	0.0093
13039.933	0.0093
13043.202	0.0005
13047.861	0.0569
13048.431	0.0569
13049.101	4.4791
13049.221	4.4791
13081.502	12.9283
13081.852	12.9283
13091.069	0.0023
13091.259	0.0023
13098.837	0.0122
13099.597	0.0122
13124.220	3.8691
13124.220	3.8691
13126.739	0.0001
13128.559	0.0001
13136.757	0.0001
13139.716	0.0001
13150.173	0.0005
13150.503	0.0005
13152.902	9.7433
13153.472	9.7433
13157.621	0.0022
13158.611	0.0022
13207.148	2.4672
13207.307	2.4672
13217.375	0.0001
13217.855	0.0001
13224.463	0.0003
13225.712	0.0003
13232.481	5.5535
13233.300	5.5535
13298.093	1.2163
13298.443	1.2163
13299.632	0.0000
13301.162	0.0000
13320.477	2.4986
13321.576	2.4986
13397.296	0.4742
13397.856	0.4742
13417.160	0.9039
13418.560	0.9039
13505.026	0.1483
13505.826	0.1483
13522.761	0.2660
13524.491	0.2660
13621.654	0.0375
13622.704	0.0375
13637.590	0.0641
13639.690	0.0641
13660.354	0.6760
13660.354	0.6760
13661.664	1.7589
13661.744	1.7589
13665.652	0.3499
13665.952	0.3499
13667.322	0.2114
13667.432	0.2114
13670.091	0.1164
13670.381	0.1164
13670.661	0.8446
13670.921	0.8446
13671.081	3.6486
13671.201	3.6486
13682.898	0.0544
13683.158	0.0544
13683.937	0.0315
13684.187	0.0315
13685.237	1.5994
13685.427	1.5994
13688.306	5.7788
13688.416	5.7788
13707.221	0.0070
13707.361	0.0116
13707.401	0.0070
13707.811	0.0116
13709.620	2.2695
13709.710	2.2695
13713.030	6.0232
13713.120	6.0232
13740.082	0.0013
13740.152	0.0013
13741.012	0.0021
13741.682	0.0021
13743.981	2.1060
13744.011	2.1060
13747.570	0.0078
13748.910	0.0078
13761.996	0.0127
13764.486	0.0127
13782.651	0.0002
13782.721	0.0002
13784.160	0.0003
13785.080	0.0003
13818.131	1.4879
13818.211	1.4879
13819.960	14.0675
13819.980	14.0675
13832.537	0.4757
13832.657	0.4757
13837.156	0.0000
13838.275	5.6961
13838.355	5.6961
13838.355	0.0000
13856.400	0.2070
13856.540	0.2070
13864.428	2.2231
13864.608	2.2231
13883.213	0.0013
13884.873	0.0013
13889.571	0.0864
13889.681	0.0864
13896.360	0.0021
13898.749	0.7830
13899.059	0.7830
13899.299	0.0021
13907.616	3.0065
13907.846	3.0065
13915.064	0.0002
13915.694	0.0002
13917.774	0.0001
13918.394	0.0001
13928.311	0.0020
13928.971	0.0020
13931.970	0.0320
13932.030	0.0320
13932.100	0.0013
13932.720	0.0013
13941.567	0.2425
13942.047	0.2425
13947.086	10.0716
13947.276	10.0716
13947.566	0.0187
13948.235	0.0187
13952.834	0.0116
13953.414	0.0116
13972.739	0.1348
13973.399	0.1348
13980.067	0.0796
13980.587	0.0796
13981.976	4.1090
13982.146	4.1090
13983.576	0.0102
13983.616	0.0102
13993.173	0.0652
13993.863	0.0652
14003.740	0.7392
14004.370	0.7392
14013.987	0.4116
14014.417	0.4116
14018.196	11.9252
14018.576	11.9252
14029.093	0.0002
14031.103	0.0002
14040.440	3.0570
14041.010	3.0570
14041.150	0.0003
14044.449	0.0028
14044.569	0.0003
14044.629	0.0028
14053.867	0.0151
14054.796	0.0151
14054.856	1.5819
14055.166	1.5819
14065.913	3.6648
14065.973	3.6648
14082.609	9.3566
14083.089	9.3566
14098.524	9.3185
14099.144	9.3185
14103.053	4.4076
14103.223	4.4076
14114.860	0.0006
14115.190	0.0006
14123.977	0.0030
14125.187	0.0030
14129.946	20.2906
14130.316	20.2906
14159.078	8.4931
14159.078	8.4931
14159.298	2.4452
14159.408	2.4452
14182.052	26.9356
14182.282	26.9356
14188.470	5.5648
14189.380	5.5648
14195.088	0.0001
14195.608	0.0001
14196.878	0.0000
14200.836	0.0000
14203.856	0.0005
14205.365	0.0005
14223.220	9.8541
14223.380	9.8541
14262.290	1.2765
14262.600	1.2765
14288.393	2.6532
14289.622	2.6532
14293.881	0.0001
14295.741	0.0001
14338.059	8.1529
14338.089	8.1529
14340.498	74.1567
14340.518	74.1567
14348.316	2.3809
14348.356	2.3809
14352.755	25.0746
14352.815	25.0746
14365.132	0.8699
14365.162	0.8699
14370.410	7.6374
14370.540	7.6374
14375.219	0.5333
14375.769	0.5333
14388.245	0.2781
14388.245	0.2781
14393.704	1.9587
14393.914	1.9587
14398.642	1.0292
14400.222	1.0292
14417.447	0.0717
14417.507	0.0717
14422.796	0.4119
14423.106	0.4119
14452.718	0.0146
14452.848	0.0146
14457.806	0.0701
14458.226	0.0701
14465.024	16.5377
14465.264	16.5377
14494.056	0.0023
14494.276	0.0023
14498.475	0.1808
14498.825	0.0096
14499.295	0.1808
14499.385	0.0096
14514.821	55.1087
14515.141	55.1087
14519.599	0.3283
14521.569	0.3283
14541.514	0.0003
14541.823	0.0003
14545.952	0.0010
14546.662	0.0010
14559.958	20.0509
14560.028	20.0509
14595.149	0.0000
14595.579	0.0000
14599.278	0.0001
14600.148	0.0001
14600.537	55.8303
14601.127	55.8303
14604.326	0.0000
14604.846	0.0000
14609.975	0.0004
14610.565	0.0004
14612.834	0.0003
14613.464	0.0003
14622.231	0.0048
14622.871	0.0048
14626.300	0.0031
14626.920	0.0031
14632.519	0.0503
14633.638	0.0503
14641.036	0.0414
14641.706	0.0414
14646.745	0.0254
14647.325	0.0254
14651.683	0.0868
14654.083	0.0868
14660.971	14.5633
14661.131	14.5633
14666.289	0.2743
14666.959	0.2743
14674.267	0.1607
14674.797	0.1607
14693.972	34.7714
14694.852	34.7714
14697.891	1.4009
14698.531	1.4009
14709.048	0.7738
14709.498	0.7738
14735.681	5.4482
14736.270	5.4482
14751.386	2.7940
14751.706	2.7940
14768.132	7.2765
14768.542	7.2765
14777.889	0.0115
14779.349	0.0115
14779.439	15.8406
14779.938	15.8406
14795.184	15.3984
14795.404	0.0191
14796.364	15.3984
14798.263	0.0191
14801.643	7.3984
14801.822	7.3984
14828.835	32.9541
14829.215	32.9541
14860.327	13.6927
14860.327	13.6927
14881.741	2.6240
14882.430	2.6240
14883.500	42.4040
14883.740	42.4040
14904.195	5.0546
14905.694	5.0546
14927.698	15.4284
14927.878	15.4284
14935.186	0.0022
14937.016	0.0022
14951.292	0.0035
14954.661	0.0035
15002.138	0.6998
15003.108	0.6998
15021.023	1.2530
15022.852	1.2530
15048.725	12.5043
15048.755	12.5043
15051.414	114.5320
15051.434	114.5320
15059.842	3.6956
15059.892	3.6956
15064.811	39.6799
15064.871	39.6799
15078.107	1.3823
15078.137	1.3823
15084.075	12.4946
15084.205	12.4946
15103.240	0.4585
15103.240	0.4585
15105.100	0.0004
15107.339	0.0004
15109.469	3.3436
15109.698	3.3436
15120.016	0.0005
15123.945	0.0005
15129.653	0.1401
15130.913	0.1401
15135.042	0.1244
15135.092	0.1244
15141.180	0.7408
15141.510	0.7408
15145.759	0.2368
15147.928	0.2368
15173.461	0.0269
15173.601	0.0269
15179.339	0.1340
15179.799	0.1340
15182.848	25.4087
15183.108	25.4087
15218.529	0.0046
15218.759	0.0046
15224.057	0.0197
15224.667	0.0197
15236.614	84.8804
15236.944	84.8804
15264.596	0.0213
15266.156	0.0213
15270.275	0.0006
15270.615	0.0006
15275.453	0.0023
15276.233	0.0023
15278.512	0.0344
15281.042	0.0344
15283.561	31.3631
15283.641	31.3631
15288.390	0.0000
15291.099	0.0000
15302.306	0.0001
15306.855	0.0001
15327.899	87.8698
15328.499	87.8698
15328.799	0.0001
15329.279	0.0001
15333.637	0.0002
15334.607	0.0002
15368.538	0.0001
15369.008	0.0001
15370.547	0.0000
15371.157	0.0000
15371.977	0.0008
15372.527	0.0008
15374.986	0.0005
15375.616	0.0005
15382.694	0.0079
15383.304	0.0079
15387.053	0.0050
15387.673	0.0050
15391.042	23.4512
15391.192	23.4512
15400.609	0.0616
15401.249	0.0616
15406.777	0.0376
15407.277	0.0025
15407.377	0.0376
15409.167	0.0025
15419.454	0.0039
15422.353	0.0039
15425.612	0.3767
15426.262	0.3767
15427.472	56.4825
15428.381	56.4825
15434.280	0.2188
15434.820	0.2188
15457.574	1.7911
15458.203	1.7911
15469.750	0.9810
15470.200	0.9810
15496.323	6.5563
15496.913	6.5563
15505.310	12.2053
15505.730	12.2053
15513.458	3.3330
15513.788	3.3330
15535.452	26.0837
15536.692	26.0837
15541.631	18.1191
15542.130	18.1191
15544.070	0.1786
15558.016	0.0002
15560.235	0.0002
15565.804	8.3909
15565.984	8.3909
15568.773	0.0003
15570.723	0.3214
15572.072	0.0003
15593.166	36.2009
15593.546	36.2009
15597.605	0.5288
15624.698	0.7930
15626.687	4.6334
15627.277	14.9261
15627.277	14.9261
15627.397	4.6334
15650.541	45.1402
15650.781	45.1402
15651.890	9.0136
15651.990	1.0830
15653.460	9.0136
15661.938	0.1580
15667.206	0.1723
15675.034	0.3047
15679.503	1.3425
15680.263	0.3357
15688.271	0.5354
15693.459	0.5982
15698.148	16.3452
15698.328	16.3452
15701.637	0.8543
15706.785	0.9718
15707.215	1.5066
15715.123	1.2333
15720.232	1.4373
15728.739	1.5979
15733.808	1.9260
15735.158	1.5337
15742.476	1.8370
15747.494	2.3305
15755.512	1.3148
15756.342	1.8307
15756.512	1.3148
15761.291	2.5288
15763.370	1.4636
15770.338	1.4888
15775.217	2.4494
15776.836	2.3755
15778.766	2.3755
15784.544	0.7346
15789.243	2.1763
15798.290	0.8878
15798.640	1.0331
15798.690	0.4967
15798.890	0.5900
15799.000	1.0071
15799.170	0.5655
15799.420	0.8618
15799.550	0.4654
15799.900	0.6588
15800.010	0.3378
15800.470	0.4538
15800.560	0.2191
15801.120	0.2832
15801.860	0.1609
15803.499	1.9150
15803.679	2.8046
15803.939	3.0296
15804.289	2.7483
15804.709	2.1821
15805.229	1.5435
15805.828	0.9823
15806.508	0.5663
15807.288	0.2970
15808.158	0.1420
15819.555	0.4458
15825.983	13.0099
15826.013	13.0099
15828.922	119.9227
15828.942	119.9227
15834.111	1.0036
15838.140	3.8908
15838.190	3.8908
15839.169	0.6601
15843.688	42.5960
15843.748	42.5960
15848.697	1.2243
15853.665	0.9061
15858.124	1.4907
15858.164	1.4907
15863.363	1.1796
15864.882	13.8735
15865.032	13.8735
15868.271	0.9317
15878.109	0.9722
15882.967	0.7995
15885.677	0.5130
15885.687	0.5130
15892.125	0.2830
15892.815	3.8768
15892.955	0.7053
15893.055	3.8768
15893.435	0.2830
15897.763	0.5971
15907.891	0.4579
15910.410	0.4824
15912.659	0.3956
15912.709	0.4824
15920.577	0.1464
15920.637	0.1464
15920.647	0.3789
15922.926	0.2681
15927.655	0.2353
15927.665	0.9054
15928.035	0.9054
15938.062	0.1423
15942.751	0.1265
15949.889	0.3440
15962.786	0.0337
15962.926	0.0337
15968.074	26.5146
15968.364	26.5146
15969.604	0.1743
15970.124	0.1743
15979.301	0.2663
16012.312	0.0062
16012.572	0.0062
16018.770	0.0275
16019.460	0.0275
16026.268	88.8333
16026.608	88.8333
16036.875	0.0467
16038.525	0.0467
16052.761	0.0760
16055.450	0.0760
16069.237	0.0009
16069.616	0.0009
16075.295	33.3533
16075.305	0.0035
16075.395	33.3533
16076.185	0.0035
16123.872	94.1317
16124.501	94.1317
16133.659	0.0001
16134.179	0.0001
16139.337	0.0004
16140.427	0.0004
16190.104	25.7210
16190.124	0.0060
16190.253	25.7210
16192.123	0.0060
16204.060	0.0093
16207.179	0.0093
16211.038	0.0000
16212.357	0.0000
16216.376	0.0001
16216.606	0.0012
16216.746	0.0001
16217.076	0.0012
16218.376	0.0001
16218.966	0.0001
16219.735	0.0008
16220.355	0.0008
16224.964	0.0109
16225.504	0.0109
16229.593	0.0069
16230.223	0.0069
16230.453	62.5286
16231.402	62.5286
16241.320	0.0780
16241.919	0.0780
16247.978	0.0472
16248.588	0.0472
16265.553	0.4404
16266.173	0.4404
16274.990	0.2539
16275.540	0.2539
16297.504	1.9535
16298.114	1.9535
16310.811	1.0606
16311.280	1.0606
16312.480	13.9529
16312.900	13.9529
16336.993	6.7363
16337.563	6.7363
16346.171	30.1324
16347.471	30.1324
16352.209	0.0006
16354.579	0.0006
16355.728	3.3957
16356.078	3.3957
16364.576	0.0009
16368.135	0.0009
16383.751	17.7138
16384.251	17.7138
16410.143	8.1340
16410.333	8.1340
16437.466	34.0024
16437.846	34.0024
16442.745	5.5853
16443.474	5.5853
16471.137	10.9770
16472.806	10.9770
16474.546	13.9217
16474.546	13.9217
16497.720	41.1511
16497.969	41.1511
16523.493	0.0000
16526.252	0.0000
16534.559	0.0001
16538.588	0.0001
16549.185	14.8314
16549.375	14.8314
16581.257	1.6887
16582.306	1.6887
16605.440	3.0949
16607.500	3.0949
16684.609	11.5984
16684.649	11.5984
16687.798	107.5978
16687.818	107.5978
16698.025	3.5102
16698.095	3.5102
16704.233	39.1576
16704.313	39.1576
16720.129	1.3768
16720.189	1.3768
16727.817	13.1931
16727.977	13.1931
16728.377	0.3914
16729.766	0.3914
16749.241	0.6734
16750.640	0.4915
16750.670	0.4915
16751.710	0.6734
16758.838	3.8470
16759.118	3.8470
16789.360	0.1472
16789.410	0.1472
16797.548	0.9468
16797.978	0.9468
16835.717	23.7146
16836.027	23.7146
16836.207	0.0360
16836.347	0.0360
16844.145	0.1940
16844.745	0.1940
16884.514	0.0703
16886.263	0.0703
16891.222	0.0071
16891.492	0.0071
16898.790	0.0328
16898.870	79.7131
16899.230	79.7131
16899.580	0.0328
16902.719	0.1154
16905.618	0.1154
16950.366	30.4051
16950.496	30.4051
16954.505	0.0011
16954.915	0.0011
16961.653	0.0046
16962.663	0.0046
17003.771	86.4495
17004.431	86.4495
17026.185	0.0001
17026.765	0.0001
17032.923	0.0005
17034.153	0.0005
17050.059	0.0099
17052.188	0.0099
17066.114	0.0156
17069.473	0.0156
17073.632	24.1500
17073.752	24.1500
17112.772	0.0000
17114.271	0.0000
17118.460	59.3438
17119.480	59.3438
17165.437	0.0017
17165.777	0.0017
17168.726	0.0011
17169.356	0.0011
17169.886	0.0002
17170.076	0.0002
17170.196	0.0135
17170.646	0.0135
17171.905	0.0001
17172.495	0.0001
17175.155	0.0084
17175.804	0.0084
17183.992	0.0879
17184.522	0.0879
17191.220	0.0527
17191.850	0.0527
17205.396	13.6674
17205.816	13.6674
17206.656	0.4590
17207.246	0.4590
17216.983	0.2624
17217.563	0.2624
17225.411	0.0011
17227.940	0.0011
17238.017	1.9019
17238.617	1.9019
17239.707	0.0017
17243.206	29.8323
17243.556	0.0017
17244.596	29.8323
17252.633	1.0239
17253.123	1.0239
17277.847	6.1876
17278.416	6.1876
17298.451	3.0915
17298.811	3.0915
17325.873	15.4985
17326.373	15.4985
17346.028	5.7648
17346.768	5.7648
17354.836	7.0592
17355.035	7.0592
17378.149	11.4518
17379.949	11.4518
17381.738	28.6228
17382.128	28.6228
17410.990	0.0001
17413.939	0.0001
17422.267	11.6375
17422.277	11.6375
17423.837	0.0001
17428.195	0.0001
17445.071	33.6392
17445.311	33.6392
17495.887	1.8564
17496.987	1.8564
17501.006	12.0733
17501.196	12.0733
17523.449	3.4232
17525.669	3.4232
17644.996	9.2950
17645.046	9.2950
17648.375	86.7311
17648.395	86.7311
17655.393	0.4631
17656.863	0.4631
17660.002	2.8464
17660.082	2.8464
17666.930	32.3454
17667.010	32.3454
17679.317	0.8047
17681.986	0.8047
17684.755	1.1422
17684.825	1.1422
17693.503	11.2744
17693.683	11.2744
17718.986	0.4224
17719.026	0.4224
17728.443	3.4320
17728.753	3.4320
17762.494	0.1329
17762.534	0.1329
17772.022	0.8900
17772.501	0.8900
17806.432	19.1053
17806.762	19.1053
17815.190	0.0345
17815.340	0.0345
17824.487	0.1940
17824.997	0.0904
17825.157	0.1940
17826.847	0.0904
17845.981	0.1498
17849.121	0.1498
17875.223	64.3956
17875.583	64.3956
17877.143	0.0073
17877.423	0.0073
17886.040	0.0353
17886.940	0.0353
17929.759	24.9683
17929.908	24.9683
17948.473	0.0013
17948.913	0.0013
17956.911	0.0053
17958.061	0.0053
17988.692	71.5456
17989.372	71.5456
18005.148	0.0139
18007.407	0.0139
18023.753	0.0222
18027.382	0.0222
18029.371	0.0002
18029.991	0.0002
18037.329	0.0007
18038.759	0.0007
18062.932	20.4650
18063.042	20.4650
18112.998	50.7766
18114.058	50.7766
18127.534	0.0001
18129.284	0.0001
18196.316	0.0017
18199.015	0.0017
18205.813	12.0756
18206.233	12.0756
18212.981	0.0026
18217.130	0.0026
18248.481	26.6480
18248.701	0.0151
18249.021	0.0151
18249.461	0.0020
18249.621	0.0020
18249.951	26.6480
18252.780	0.0013
18253.390	0.0013
18253.930	0.0094
18254.580	0.0094
18258.349	0.0909
18258.799	0.0909
18260.818	0.0002
18260.858	0.0002
18262.728	0.0001
18263.277	0.0001
18266.157	0.0542
18266.796	0.0542
18278.203	0.4403
18278.723	0.4403
18289.500	0.2496
18290.100	0.2496
18308.015	1.7083
18308.575	1.7083
18324.111	0.9122
18324.631	0.9122
18347.524	5.2531
18348.074	5.2531
18358.801	5.3727
18359.571	5.3727
18370.278	2.6047
18370.668	2.6047
18395.361	10.7931
18396.431	12.5535
18396.911	12.5535
18397.271	10.7931
18399.020	0.0002
18402.179	0.0002
18414.076	0.0003
18418.785	0.0003
18428.392	5.6768
18428.602	5.6768
18454.335	22.3319
18454.715	22.3319
18498.933	9.0300
18498.943	9.0300
18520.877	25.5170
18521.117	25.5170
18522.287	1.8438
18523.416	1.8438
18553.888	3.4366
18556.267	3.4366
18582.140	9.1382
18582.340	9.1382
18696.729	0.4955
18698.259	0.4955
18724.312	0.8696
18727.191	0.8696
18735.958	6.9389
18736.018	6.9389
18739.397	65.1050
18739.417	65.1050
18753.004	2.1496
18753.104	2.1496
18760.702	24.8951
18760.792	24.8951
18781.186	0.8825
18781.276	0.8825
18791.163	8.9747
18791.363	8.9747
18820.215	0.3381
18820.275	0.3381
18831.182	2.8534
18831.542	2.8534
18869.922	0.1117
18869.952	0.1117
18881.099	0.7800
18881.649	0.7800
18882.648	0.1053
18884.598	0.1053
18906.972	0.1760
18909.471	14.3591
18909.841	14.3591
18910.381	0.1760
18930.195	0.0308
18930.345	0.0308
18941.202	0.1809
18941.992	0.1809
18984.690	48.5696
18985.070	48.5696
19001.176	0.0070
19001.466	0.0070
19011.783	0.0354
19012.833	0.0354
19043.124	19.1516
19043.314	19.1516
19080.604	0.0178
19083.004	0.0178
19083.004	0.0013
19083.483	0.0013
19093.121	0.0058
19094.470	0.0058
19102.248	0.0287
19106.227	0.0287
19108.497	55.3404
19109.206	55.3404
19175.938	0.0002
19176.628	0.0002
19185.526	0.0008
19187.215	0.0008
19188.245	16.2152
19188.325	16.2152
19244.479	40.6475
19245.589	40.6475
19289.337	0.0001
19291.167	0.0024
19291.407	0.0001
19294.046	0.0024
19310.581	0.0038
19315.190	0.0038
19344.612	9.9926
19345.022	9.9926
19393.079	22.3089
19394.648	22.3089
19505.078	0.0157
19505.188	0.0157
19508.067	0.0868
19508.357	0.0868
19510.447	0.0097
19511.107	0.0097
19512.706	4.6935
19513.486	4.6935
19514.276	0.0023
19514.396	0.0023
19514.956	0.0003
19516.405	0.0514
19517.095	0.0514
19517.545	0.0015
19518.125	0.0015
19518.355	0.0003
19523.063	0.3914
19523.473	0.3914
19532.521	0.0004
19535.410	0.2205
19535.960	0.0003
19536.070	0.2205
19536.370	0.0003
19537.789	0.0004
19537.819	0.0002
19538.269	0.0002
19549.746	1.4267
19550.236	1.4267
19554.645	9.5435
19556.704	9.5435
19567.561	0.7567
19568.151	0.7567
19570.610	0.0000
19571.360	0.0000
19587.806	4.1586
19588.305	4.1586
19613.119	2.0478
19613.579	2.0478
19636.862	9.5047
19637.322	9.5047
19672.473	4.2759
19672.752	4.2759
19692.957	1.7189
19694.137	1.7189
19696.506	16.3265
19696.876	16.3265
19729.517	3.2426
19732.096	3.2426
19746.082	6.5800
19746.132	6.5800
19766.327	18.1835
19766.567	18.1835
19768.646	0.0000
19774.655	0.0000
19834.208	6.5116
19834.378	6.5116
19885.914	0.4981
19887.524	0.4981
19918.055	0.8841
19921.195	0.8841
19999.493	4.8916
19999.583	4.8916
20002.672	46.1060
20002.702	46.1060
20019.278	1.5337
20019.418	1.5337
20027.675	18.0589
20027.775	18.0589
20052.019	0.6441
20052.169	0.6441
20063.386	6.7486
20063.616	6.7486
20092.188	0.1154
20094.267	0.1154
20097.476	0.2556
20097.586	0.2556
20110.263	2.2425
20110.673	2.2425
20120.710	0.1949
20124.459	0.1949
20155.501	0.0886
20155.531	0.0886
20168.717	0.6465
20169.367	0.6465
20187.492	10.2279
20187.902	10.2279
20225.991	0.0260
20226.101	0.0260
20239.148	0.1598
20240.067	0.1598
20270.099	34.7446
20270.479	34.7446
20309.099	0.0064
20309.379	0.0064
20312.468	0.0215
20315.037	0.0215
20321.925	0.0336
20323.175	0.0336
20333.802	13.9565
20334.052	13.9565
20337.981	0.0349
20342.389	0.0349
20405.082	0.0013
20405.592	0.0013
20406.712	40.6576
20407.472	40.6576
20417.449	0.0060
20419.059	0.0060
20493.748	12.2290
20493.758	12.2290
20514.313	0.0002
20515.072	0.0002
20526.139	0.0009
20528.179	0.0009
20547.463	0.0033
20550.573	0.0033
20557.321	31.0062
20558.510	31.0062
20570.477	0.0051
20575.606	0.0051
20637.199	0.0000
20638.279	0.0000
20648.486	0.0001
20650.995	0.0001
20667.011	7.8872
20667.361	7.8872
20722.496	17.8292
20724.185	17.8292
20797.975	0.0004
20801.664	0.0004
20818.889	0.0006
20824.788	0.0006
20854.160	3.9191
20854.909	3.9191
20902.726	8.0729
20904.966	8.0729
20999.710	0.0760
20999.740	0.0760
21006.438	0.3217
21006.658	0.3217
21007.358	0.0147
21007.578	0.0147
21008.687	0.0448
21009.457	0.0448
21013.076	0.0090
21013.786	0.0090
21020.094	0.1806
21020.864	0.1806
21027.332	1.1097
21027.682	1.1097
21029.962	0.0023
21030.501	0.0023
21033.361	0.0015
21033.951	0.0015
21047.307	0.5863
21048.007	0.5863
21055.735	1.5361
21056.924	1.5361
21061.963	3.0829
21062.373	3.0829
21064.872	0.0000
21068.061	0.0003
21068.961	0.0003
21069.201	0.0000
21069.801	0.0002
21070.211	0.0002
21083.987	0.0001
21090.545	1.5137
21090.755	0.0001
21091.115	1.5137
21098.503	2.9345
21101.322	2.9345
21109.870	6.7762
21110.280	6.7762
21122.196	0.0000
21123.526	0.0000
21150.129	3.0409
21150.519	3.0409
21170.593	11.2871
21170.933	11.2871
21226.538	4.5501
21226.688	4.5501
21243.663	12.2951
21243.883	12.2951
21272.395	0.4816
21274.065	0.4816
21310.345	0.8647
21313.814	0.8647
21320.072	4.4213
21320.192	4.4213
21499.093	3.3069
21499.223	3.3069
21501.403	31.2488
21501.443	31.2488
21504.912	0.1219
21507.121	0.1219
21522.657	1.0492
21522.877	1.0492
21531.565	12.5779
21531.695	12.5779
21538.883	0.2082
21543.051	0.2082
21561.746	0.4505
21562.006	0.4505
21574.593	4.8665
21574.883	4.8665
21616.151	0.1854
21616.381	0.1854
21631.047	1.6912
21631.567	1.6912
21685.762	0.0675
21685.892	0.0675
21701.488	0.5149
21702.288	0.5149
21704.987	7.0226
21705.467	7.0226
21754.164	0.0251
21756.943	0.0251
21770.629	0.0211
21770.649	0.0211
21784.815	0.0412
21786.425	0.1358
21787.565	0.1358
21789.754	0.0412
21796.142	23.9631
21796.542	23.9631
21867.363	9.8367
21867.703	9.8367
21870.812	0.0056
21871.042	0.0056
21886.388	0.0308
21887.947	0.0308
21949.230	28.9248
21950.030	28.9248
21986.810	0.0012
21987.300	0.0012
22001.976	0.0060
22003.986	0.0060
22021.091	0.0043
22024.510	0.0043
22046.284	8.9518
22046.374	8.9518
22048.983	0.0067
22054.762	0.0067
22118.814	22.9662
22119.154	0.0002
22119.964	0.0002
22120.104	22.9662
22133.790	0.0010
22136.329	0.0010
22241.591	6.0650
22241.851	6.0650
22268.463	0.0000
22269.653	0.0000
22282.559	0.0001
22285.679	0.0001
22305.693	13.8912
22306.763	0.0006
22307.543	13.8912
22310.882	0.0006
22332.336	0.0009
22339.034	0.0009
22453.783	3.2005
22454.452	3.2005
22510.567	6.6838
22513.046	6.6838
22612.339	0.0001
22617.248	0.0001
22635.973	0.0001
22643.691	0.0001
22683.610	1.3477
22684.769	1.3477
22734.156	2.6086
22737.325	2.6086
22931.972	0.4587
22933.671	0.4587
22977.240	0.8344
22981.188	0.8344
23199.869	0.1275
23202.168	0.1275
23240.738	0.2205
23245.506	0.2205
23488.480	0.0292
23491.449	0.0292
23525.680	0.0483
23531.348	0.0483
23799.115	0.0055
23802.824	0.0055
23833.236	0.0089
23839.914	0.0089
24133.264	0.0009
24137.792	0.0009
24164.795	0.0014
24172.563	0.0014
24492.555	0.0001
24497.994	0.0001
24521.927	0.0002
24530.915	0.0002
