# Astrodon Filters
# Wave  U       B       V       R       I
2900.0	0.00004	0.00013	0.00008	0.00018	0.00759
2910.0	0.00006	0.00003	0.00015	0.00054	0.02459
2920.0	0.00004	0.00015	0.00032	0.00113	0.04575
2930.0	0.00004	0.00014	0.00058	0.00168	0.05618
2940.0	0.00003	0.00003	0.00143	0.00158	0.04983
2950.0	0.00003	0.00011	0.00208	0.00105	0.03396
2960.0	0.00003	0.00005	0.00330	0.00067	0.02182
2970.0	0.00002	0.00010	0.00583	0.00053	0.01298
2980.0	0.00003	0.00015	0.00718	0.00044	0.00520
2990.0	0.00004	0.00001	0.00446	0.00024	0.00152
3000.0	0.00004	0.00002	0.00393	0.00006	0.00048
3010.0	0.00004	0.00016	0.00702	0.00002	0.00032
3020.0	0.00073	0.00003	0.01513	0.00006	0.00154
3030.0	0.00503	0.00006	0.04072	0.00011	0.00368
3040.0	0.02276	0.00023	0.07040	0.00036	0.00377
3050.0	0.09303	0.00022	0.05996	0.00066	0.00164
3060.0	0.34020	0.00012	0.02087	0.00079	0.00012
3070.0	0.54284	0.00001	0.00143	0.00077	0.00019
3080.0	0.33565	0.00005	0.00018	0.00052	0.00041
3090.0	0.08334	0.00011	0.00019	0.00030	0.00050
3100.0	0.02376	0.00040	0.00060	0.00017	0.00035
3110.0	0.00331	0.00016	0.00087	0.00016	0.00020
3120.0	0.00055	0.00020	0.00083	0.00017	0.00038
3130.0	0.00225	0.00009	0.00042	0.00024	0.00064
3140.0	0.00951	0.00021	0.00020	0.00033	0.00059
3150.0	0.08282	0.00028	0.00021	0.00031	0.00026
3160.0	0.61344	0.00017	0.00059	0.00024	0.00005
3170.0	1.26626	0.00020	0.00138	0.00015	0.00007
3180.0	1.04078	0.00007	0.00262	0.00014	0.00006
3190.0	0.37225	0.00014	0.01054	0.00040	0.00007
3200.0	0.08477	0.00008	0.02748	0.00177	0.00018
3210.0	0.08627	0.00038	0.03200	0.00354	0.00030
3220.0	0.07902	0.00005	0.01422	0.00357	0.00029
3230.0	0.03231	0.00029	0.00020	0.00227	0.00025
3240.0	0.00176	0.00032	0.00007	0.00134	0.00279
3250.0	0.00010	0.00004	0.00024	0.00096	0.00601
3260.0	0.00006	0.00020	0.00049	0.00047	0.00496
3270.0	0.00004	0.00010	0.00133	0.00014	0.00161
3280.0	0.00006	0.00033	0.00246	0.00007	0.00008
3290.0	0.00004	0.00033	0.00376	0.00004	0.00001
3300.0	0.00006	0.00005	0.00476	0.00004	0.00000
3310.0	0.00008	0.00061	0.00411	0.00009	0.00003
3320.0	0.00007	0.00022	0.00180	0.00008	0.00002
3330.0	0.00006	0.00001	0.00006	0.00004	0.00001
3340.0	0.00010	0.00028	0.00005	0.00002	0.00001
3350.0	0.00049	0.00001	0.00018	0.00004	0.00001
3360.0	0.00124	0.00002	0.00013	0.00002	0.00002
3370.0	0.00278	0.00003	0.00005	0.00002	0.00001
3380.0	0.00428	0.00017	0.00026	0.00002	0.00004
3390.0	0.00695	0.00005	0.00122	0.00000	0.00002
3400.0	0.03075	0.00009	0.00200	0.00002	0.00002
3410.0	1.40265	0.00010	0.00157	0.00002	0.00002
3420.0	12.99996	0.00040	0.00101	0.00001	0.00001
3430.0	38.79058	0.00032	0.00138	0.00002	0.00002
3440.0	62.97629	0.00002	0.00254	0.00001	0.00001
3450.0	73.17024	0.00039	0.00437	0.00002	0.00001
3460.0	74.99699	0.00048	0.00312	0.00003	0.00001
3470.0	75.91784	0.00008	0.00106	0.00002	0.00001
3480.0	78.85660	0.00040	0.00008	0.00001	0.00000
3490.0	82.03634	0.00010	0.00012	0.00009	0.00009
3500.0	83.45151	0.00021	0.00020	0.00002	0.00003
3510.0	83.83090	0.00000	0.00011	0.00004	0.00002
3520.0	86.22005	0.00017	0.00135	0.00002	0.00002
3530.0	89.84999	0.00005	0.00259	0.00003	0.00003
3540.0	92.22620	0.00019	0.00194	0.00003	0.00003
3550.0	92.93082	0.00028	0.00057	0.00003	0.00001
3560.0	93.19379	0.00013	0.00020	0.00002	0.00002
3570.0	93.31976	0.00033	0.00008	0.00003	0.00002
3580.0	93.59749	0.00007	0.00027	0.00004	0.00002
3590.0	94.34252	0.00018	0.00075	0.00003	0.00003
3600.0	95.49956	0.00017	0.00143	0.00003	0.00003
3610.0	96.44878	0.00030	0.00084	0.00004	0.00002
3620.0	97.16464	0.00059	0.00016	0.00004	0.00002
3630.0	97.33888	0.01159	0.00007	0.00002	0.00004
3640.0	97.13739	0.07221	0.00007	0.00003	0.00003
3650.0	96.76466	0.48931	0.00004	0.00004	0.00002
3660.0	96.49317	3.89834	0.00139	0.00005	0.00003
3670.0	96.88107	9.54854	0.00322	0.00007	0.00002
3680.0	97.30240	13.17582	0.00246	0.00005	0.00001
3690.0	97.55668	16.05425	0.00083	0.00006	0.00003
3700.0	97.60569	19.73636	0.00014	0.00005	0.00006
3710.0	97.16344	23.82579	0.00018	0.00004	0.00046
3720.0	96.90462	26.91089	0.00026	0.00004	0.00104
3730.0	97.34730	30.40348	0.00027	0.00004	0.00098
3740.0	97.66125	34.83294	0.00011	0.00005	0.00041
3750.0	97.23210	39.32380	0.00008	0.00006	0.00011
3760.0	96.38316	42.21506	0.00001	0.00007	0.00009
3770.0	95.68175	44.16904	0.00006	0.00008	0.00014
3780.0	95.16109	46.81875	0.00009	0.00008	0.00024
3790.0	94.25527	50.21445	0.00023	0.00010	0.00031
3800.0	92.74267	53.15155	0.00015	0.00015	0.00028
3810.0	90.67554	55.28813	0.00016	0.00070	0.00019
3820.0	88.44536	56.96855	0.00012	0.00159	0.00021
3830.0	86.25002	59.40497	0.00015	0.00157	0.00050
3840.0	83.75265	62.82762	0.00004	0.00065	0.00130
3850.0	81.19481	66.06422	0.00006	0.00010	0.00179
3860.0	78.42694	68.42960	0.00003	0.00006	0.00108
3870.0	75.24677	70.13826	0.00003	0.00005	0.00027
3880.0	71.94987	72.07114	0.00012	0.00004	0.00008
3890.0	68.67883	74.41525	0.00009	0.00004	0.00005
3900.0	64.66224	76.55372	0.00007	0.00004	0.00003
3910.0	60.16251	77.93079	0.00003	0.00004	0.00004
3920.0	55.72060	78.92014	0.00006	0.00003	0.00003
3930.0	51.37027	79.39687	0.00008	0.00002	0.00006
3940.0	47.03623	81.00533	0.00002	0.00003	0.00007
3950.0	42.68964	83.07597	0.00008	0.00003	0.00008
3960.0	38.16198	85.08051	0.00004	0.00003	0.00008
3970.0	33.59959	86.79636	0.00006	0.00002	0.00006
3980.0	29.26246	87.56290	0.00010	0.00002	0.00004
3990.0	25.36115	88.43268	0.00009	0.00003	0.00003
4000.0	21.87882	89.77703	0.00003	0.00002	0.00003
4010.0	18.64577	91.34377	0.00006	0.00003	0.00003
4020.0	15.62760	92.67685	0.00000	0.00002	0.00002
4030.0	12.94177	93.24082	0.00006	0.00002	0.00003
4040.0	10.66363	93.27454	0.00004	0.00002	0.00003
4050.0	8.66497	93.50959	0.00005	0.00003	0.00003
4060.0	6.95184	94.25384	0.00012	0.00003	0.00003
4070.0	5.45370	95.25749	0.00013	0.00002	0.00007
4080.0	4.19551	96.74404	0.00006	0.00003	0.00014
4090.0	3.09777	97.83490	0.00010	0.00004	0.00026
4100.0	1.91143	98.37250	0.00009	0.00003	0.00039
4110.0	1.18852	98.37578	0.00009	0.00003	0.00047
4120.0	1.59409	98.18798	0.00011	0.00002	0.00057
4130.0	1.85791	98.21226	0.00009	0.00002	0.00105
4140.0	0.82735	98.34860	0.00008	0.00003	0.00230
4150.0	0.02677	98.32580	0.00007	0.00003	0.00319
4160.0	0.00157	98.22155	0.00010	0.00002	0.00250
4170.0	0.00047	98.18492	0.00003	0.00003	0.00128
4180.0	0.00016	98.23160	0.00004	0.00002	0.00068
4190.0	0.00010	98.18539	0.00004	0.00002	0.00053
4200.0	0.00012	98.07167	0.00014	0.00002	0.00058
4210.0	0.00012	98.09869	0.00009	0.00003	0.00076
4220.0	0.00010	98.12348	0.00011	0.00003	0.00099
4230.0	0.00007	98.25826	0.00012	0.00002	0.00107
4240.0	0.00006	98.31458	0.00014	0.00002	0.00081
4250.0	0.00005	98.09521	0.00015	0.00003	0.00043
4260.0	0.00005	97.91531	0.00003	0.00002	0.00022
4270.0	0.00009	97.42158	0.00012	0.00013	0.00013
4280.0	0.00016	96.89128	0.00001	0.00032	0.00010
4290.0	0.00018	96.18231	0.00009	0.00037	0.00009
4300.0	0.00013	95.69638	0.00011	0.00016	0.00007
4310.0	0.00009	95.00039	0.00011	0.00004	0.00009
4320.0	0.00010	94.80248	0.00002	0.00003	0.00012
4330.0	0.00012	94.63217	0.00012	0.00003	0.00021
4340.0	0.00012	94.55641	0.00020	0.00003	0.00051
4350.0	0.00007	94.26321	0.00003	0.00006	0.00155
4360.0	0.00005	94.14148	0.00008	0.00011	0.00322
4370.0	0.00004	93.88725	0.00002	0.00012	0.00385
4380.0	0.00005	93.37601	0.00010	0.00008	0.00314
4390.0	0.00005	92.85940	0.00008	0.00005	0.00249
4400.0	0.00005	91.93127	0.00009	0.00004	0.00276
4410.0	0.00004	90.97961	0.00003	0.00002	0.00316
4420.0	0.00003	90.29948	0.00019	0.00001	0.00279
4430.0	0.00003	89.55260	0.00003	0.00003	0.00184
4440.0	0.00004	89.22919	0.00013	0.00002	0.00108
4450.0	0.00005	88.73447	0.00014	0.00002	0.00071
4460.0	0.00005	88.42245	0.00003	0.00002	0.00058
4470.0	0.00005	87.98830	0.00010	0.00002	0.00056
4480.0	0.00003	86.90732	0.00006	0.00002	0.00057
4490.0	0.00004	85.33221	0.00012	0.00002	0.00062
4500.0	0.00005	83.43191	0.00010	0.00002	0.00064
4510.0	0.00005	81.41728	0.00017	0.00003	0.00065
4520.0	0.00003	79.81130	0.00013	0.00003	0.00069
4530.0	0.00003	78.54667	0.00025	0.00003	0.00078
4540.0	0.00003	77.72745	0.00030	0.00003	0.00098
4550.0	0.00003	77.04281	0.00029	0.00002	0.00129
4560.0	0.00003	76.80739	0.00016	0.00003	0.00151
4570.0	0.00004	76.60566	0.00016	0.00004	0.00139
4580.0	0.00003	76.35205	0.00020	0.00006	0.00103
4590.0	0.00003	75.68494	0.00017	0.00008	0.00066
4600.0	0.00003	74.51424	0.00024	0.00007	0.00046
4610.0	0.00004	72.86115	0.00033	0.00007	0.00037
4620.0	0.00003	71.19016	0.00045	0.00005	0.00034
4630.0	0.00002	69.18600	0.00082	0.00003	0.00037
4640.0	0.00001	66.80779	0.00179	0.00004	0.00047
4650.0	0.00001	64.30713	0.00519	0.00005	0.00073
4660.0	0.00002	62.14413	0.01787	0.00005	0.00135
4670.0	0.00001	59.98653	0.05372	0.00003	0.00237
4680.0	0.00001	58.02214	0.11130	0.00003	0.00327
4690.0	0.00002	56.08769	0.16222	0.00002	0.00319
4700.0	0.00002	53.73377	0.20788	0.00003	0.00244
4710.0	0.00001	51.17116	0.30257	0.00003	0.00183
4720.0	0.00002	48.55248	0.54885	0.00002	0.00166
4730.0	0.00001	45.78894	1.05786	0.00003	0.00191
4740.0	0.00002	43.04249	1.76604	0.00006	0.00270
4750.0	0.00002	40.52923	2.33627	0.00021	0.00415
4760.0	0.00002	38.49938	2.67916	0.00055	0.00551
4770.0	0.00001	36.72210	3.08616	0.00068	0.00560
4780.0	0.00002	35.39202	3.94489	0.00037	0.00441
4790.0	0.00001	34.27280	5.52390	0.00010	0.00312
4800.0	0.00002	33.36576	7.95209	0.00005	0.00243
4810.0	0.00002	32.47066	11.12264	0.00005	0.00227
4820.0	0.00002	31.54220	14.74534	0.00006	0.00252
4830.0	0.00001	30.43419	18.52666	0.00008	0.00308
4840.0	0.00001	29.28293	22.47628	0.00022	0.00396
4850.0	0.00002	28.03983	26.50265	0.00192	0.00466
4860.0	0.00001	26.71661	30.43794	0.00517	0.00465
4870.0	0.00002	25.30854	34.10039	0.00577	0.00409
4880.0	0.00003	23.84278	37.45984	0.00289	0.00342
4890.0	0.00003	22.42675	40.61794	0.00088	0.00306
4900.0	0.00003	21.02234	43.56339	0.00121	0.00312
4910.0	0.00003	19.68531	46.34399	0.00430	0.00358
4920.0	0.00002	18.39570	49.23848	0.00804	0.00439
4930.0	0.00001	17.17511	52.25584	0.00674	0.00511
4940.0	0.00001	16.03723	55.45788	0.00269	0.00502
4950.0	0.00001	14.88746	58.78542	0.00070	0.00410
4960.0	0.00002	13.69186	62.01852	0.00047	0.00297
4970.0	0.00001	12.53897	64.90539	0.00050	0.00220
4980.0	0.00002	11.40831	67.54694	0.00087	0.00180
4990.0	0.00013	10.31312	69.86044	0.00869	0.00169
5000.0	0.00025	9.29488	72.13448	0.03562	0.00190
5010.0	0.00018	8.36689	74.16110	0.05091	0.00255
5020.0	0.00006	7.50818	75.97025	0.02589	0.00384
5030.0	0.00001	6.74596	77.67658	0.00331	0.00540
5040.0	0.00002	6.04893	79.28510	0.00161	0.00569
5050.0	0.00001	5.39440	80.87128	0.00221	0.00420
5060.0	0.00001	4.80058	82.48293	0.00702	0.00239
5070.0	0.00001	4.25582	84.12560	0.01474	0.00134
5080.0	0.00001	3.77342	85.60135	0.01513	0.00086
5090.0	0.00001	3.34635	86.88939	0.00721	0.00064
5100.0	0.00001	2.98685	87.98058	0.00180	0.00055
5110.0	0.00001	2.68282	89.11163	0.00086	0.00050
5120.0	0.00001	2.43559	90.18838	0.00066	0.00054
5130.0	0.00001	2.22898	91.21677	0.00067	0.00061
5140.0	0.00002	2.06245	92.12473	0.00087	0.00079
5150.0	0.00001	1.92365	92.89507	0.00150	0.00111
5160.0	0.00001	1.80342	93.46271	0.00465	0.00176
5170.0	0.00002	1.70577	93.89979	0.01589	0.00282
5180.0	0.00002	1.61969	94.41903	0.02626	0.00392
5190.0	0.00001	1.54231	95.00414	0.02060	0.00434
5200.0	0.00003	1.47287	95.47608	0.00886	0.00371
5210.0	0.00001	1.39531	95.71821	0.00401	0.00278
5220.0	0.00002	1.29788	95.73341	0.00339	0.00213
5230.0	0.00001	1.16486	95.63295	0.00415	0.00188
5240.0	0.00001	1.00641	95.39765	0.00760	0.00185
5250.0	0.00001	0.82844	95.30639	0.01946	0.00215
5260.0	0.00002	0.65961	95.40336	0.03530	0.00274
5270.0	0.00001	0.52012	95.53117	0.03595	0.00382
5280.0	0.00000	0.41432	95.67700	0.02064	0.00487
5290.0	0.00001	0.34026	95.71394	0.00891	0.00500
5300.0	0.00001	0.29301	95.47636	0.00516	0.00401
5310.0	0.00002	0.26669	95.15670	0.00411	0.00263
5320.0	0.00002	0.26584	94.75680	0.00394	0.00171
5330.0	0.00002	0.29072	94.44838	0.00446	0.00119
5340.0	0.00004	0.35944	94.27666	0.00568	0.00095
5350.0	0.00005	0.49445	94.17353	0.00834	0.00082
5360.0	0.00003	0.61209	93.97303	0.01430	0.00080
5370.0	0.00002	0.45990	93.67569	0.02883	0.00080
5380.0	0.00001	0.21327	93.20301	0.07013	0.00090
5390.0	0.00001	0.09001	92.60831	0.17249	0.00112
5400.0	0.00001	0.04202	91.89243	0.31629	0.00149
5410.0	0.00001	0.02268	91.10101	0.39331	0.00205
5420.0	0.00002	0.01321	90.37037	0.36585	0.00257
5430.0	0.00001	0.00805	89.66975	0.32044	0.00264
5440.0	0.00001	0.00537	88.88243	0.32865	0.00209
5450.0	0.00001	0.00385	88.16344	0.40690	0.00133
5460.0	0.00001	0.00282	87.50069	0.58990	0.00075
5470.0	0.00001	0.00206	86.99874	0.95919	0.00044
5480.0	0.00001	0.00150	86.47076	1.64973	0.00029
5490.0	0.00002	0.00124	86.09238	2.79635	0.00022
5500.0	0.00003	0.00096	85.73318	4.34255	0.00018
5510.0	0.00003	0.00083	85.29189	5.97390	0.00016
5520.0	0.00003	0.00070	84.72420	7.38770	0.00017
5530.0	0.00002	0.00059	84.04386	8.53559	0.00018
5540.0	0.00001	0.00050	83.32198	9.58170	0.00019
5550.0	0.00001	0.00044	82.51565	10.63733	0.00021
5560.0	0.00001	0.00036	81.71755	11.76998	0.00023
5570.0	0.00001	0.00032	80.86601	13.08963	0.00026
5580.0	0.00001	0.00030	79.98224	14.69865	0.00032
5590.0	0.00001	0.00026	78.93584	16.68132	0.00039
5600.0	0.00001	0.00020	77.71117	19.03099	0.00048
5610.0	0.00001	0.00014	76.36205	21.66487	0.00053
5620.0	0.00000	0.00010	74.91179	24.51567	0.00050
5630.0	0.00000	0.00010	73.45247	27.66244	0.00046
5640.0	0.00001	0.00007	72.00874	31.18981	0.00038
5650.0	0.00001	0.00009	70.65600	35.50243	0.00038
5660.0	0.00002	0.00007	69.42903	40.76252	0.00043
5670.0	0.00002	0.00002	68.33573	47.06723	0.00053
5680.0	0.00002	0.00005	67.37855	54.05234	0.00077
5690.0	0.00002	0.00004	66.51906	61.08068	0.00123
5700.0	0.00002	0.00003	65.74284	67.48777	0.00195
5710.0	0.00001	0.00000	64.95159	72.88560	0.00305
5720.0	0.00000	0.00003	64.21717	76.92431	0.00457
5730.0	0.00002	0.00003	63.56260	79.67858	0.00677
5740.0	0.00002	0.00003	62.86349	81.36837	0.00921
5750.0	0.00001	0.00004	62.17331	82.25595	0.01026
5760.0	0.00001	0.00006	61.42885	82.76930	0.00899
5770.0	0.00001	0.00001	60.57629	83.23614	0.00690
5780.0	0.00002	0.00003	59.62077	83.92410	0.00521
5790.0	0.00001	0.00003	58.58821	85.03696	0.00403
5800.0	0.00001	0.00002	57.49928	86.37209	0.00304
5810.0	0.00000	0.00005	56.32910	87.84138	0.00220
5820.0	0.00001	0.00001	55.13039	89.13100	0.00160
5830.0	0.00001	0.00001	53.98767	90.15743	0.00128
5840.0	0.00001	0.00003	52.76120	90.99474	0.00109
5850.0	0.00000	0.00005	51.52162	91.80503	0.00106
5860.0	0.00001	0.00004	50.29060	92.75041	0.00109
5870.0	0.00000	0.00002	48.95473	93.84996	0.00117
5880.0	0.00001	0.00002	47.57098	94.98251	0.00120
5890.0	0.00001	0.00003	46.17618	96.02736	0.00114
5900.0	0.00002	0.00005	44.68422	96.79230	0.00105
5910.0	0.00000	0.00003	43.15664	97.18217	0.00092
5920.0	0.00001	0.00001	41.56435	97.35301	0.00083
5930.0	0.00001	0.00004	40.00299	97.44841	0.00078
5940.0	0.00001	0.00001	38.43854	97.69067	0.00076
5950.0	0.00001	0.00001	36.93692	98.04976	0.00073
5960.0	0.00001	0.00000	35.54182	98.59952	0.00070
5970.0	0.00001	0.00000	34.24944	99.15691	0.00067
5980.0	0.00000	0.00001	33.08129	99.53937	0.00063
5990.0	0.00000	0.00001	32.07182	99.62833	0.00061
6000.0	0.00002	0.00001	31.20327	99.41235	0.00062
6010.0	0.00001	0.00002	30.48590	98.97086	0.00065
6020.0	0.00001	0.00000	29.86980	98.48515	0.00068
6030.0	0.00002	0.00002	29.32353	98.06493	0.00072
6040.0	0.00002	0.00001	28.81387	97.81577	0.00079
6050.0	0.00002	0.00001	28.28844	97.74309	0.00084
6060.0	0.00001	0.00002	27.72906	97.78734	0.00086
6070.0	0.00000	0.00002	27.11423	97.89685	0.00085
6080.0	0.00001	0.00003	26.43438	98.02248	0.00083
6090.0	0.00002	0.00002	25.68115	98.13035	0.00077
6100.0	0.00001	0.00003	24.86332	98.22904	0.00068
6110.0	0.00001	0.00001	23.97942	98.28060	0.00062
6120.0	0.00001	0.00000	23.05732	98.24844	0.00056
6130.0	0.00001	0.00003	22.07346	98.17658	0.00051
6140.0	0.00000	0.00003	21.02193	98.02650	0.00048
6150.0	0.00001	0.00003	19.94943	97.67447	0.00047
6160.0	0.00001	0.00001	18.82471	97.19936	0.00046
6170.0	0.00002	0.00002	17.69045	96.54411	0.00047
6180.0	0.00000	0.00000	16.58666	95.83074	0.00049
6190.0	0.00000	0.00001	15.52686	95.06614	0.00052
6200.0	0.00001	0.00000	14.52716	94.38358	0.00056
6210.0	0.00001	0.00002	13.61337	93.70698	0.00060
6220.0	0.00001	0.00001	12.77796	93.15946	0.00064
6230.0	0.00001	0.00001	12.03119	92.54350	0.00068
6240.0	0.00001	0.00002	11.36251	91.95735	0.00071
6250.0	0.00001	0.00001	10.75724	91.29938	0.00072
6260.0	0.00001	0.00001	10.20018	90.56457	0.00072
6270.0	0.00001	0.00001	9.68059	89.84751	0.00068
6280.0	0.00001	0.00003	9.18300	89.13843	0.00065
6290.0	0.00001	0.00003	8.69841	88.49503	0.00061
6300.0	0.00003	0.00003	8.22945	87.99674	0.00058
6310.0	0.00003	0.00002	7.77336	87.64586	0.00055
6320.0	0.00002	0.00003	7.33084	87.45773	0.00054
6330.0	0.00001	0.00001	6.90629	87.40699	0.00052
6340.0	0.00001	0.00003	6.50828	87.44323	0.00054
6350.0	0.00001	0.00001	6.13709	87.52266	0.00055
6360.0	0.00001	0.00000	5.79667	87.53198	0.00059
6370.0	0.00001	0.00000	5.48040	87.63680	0.00064
6380.0	0.00001	0.00001	5.18653	87.69995	0.00069
6390.0	0.00000	0.00003	4.91394	87.72733	0.00077
6400.0	0.00001	0.00000	4.64745	87.75496	0.00086
6410.0	0.00002	0.00001	4.38552	87.74383	0.00096
6420.0	0.00001	0.00001	4.11024	87.62653	0.00105
6430.0	0.00001	0.00003	3.81139	87.46710	0.00112
6440.0	0.00002	0.00000	3.47513	87.18015	0.00117
6450.0	0.00000	0.00001	3.10396	86.75481	0.00115
6460.0	0.00002	0.00000	2.70094	86.23708	0.00114
6470.0	0.00001	0.00001	2.29073	85.66161	0.00109
6480.0	0.00002	0.00000	1.88921	85.04008	0.00103
6490.0	0.00002	0.00002	1.51577	84.38788	0.00097
6500.0	0.00002	0.00002	1.19702	83.77341	0.00090
6510.0	0.00002	0.00003	0.92787	83.15573	0.00086
6520.0	0.00001	0.00002	0.71529	82.55536	0.00084
6530.0	0.00002	0.00001	0.54807	81.96635	0.00084
6540.0	0.00001	0.00002	0.42050	81.33270	0.00083
6550.0	0.00001	0.00001	0.32314	80.64249	0.00085
6560.0	0.00001	0.00001	0.24914	79.92187	0.00089
6570.0	0.00001	0.00003	0.19217	79.13422	0.00094
6580.0	0.00002	0.00003	0.14885	78.31721	0.00102
6590.0	0.00001	0.00003	0.11565	77.51442	0.00113
6600.0	0.00001	0.00003	0.08983	76.69474	0.00128
6610.0	0.00001	0.00004	0.06932	75.90870	0.00145
6620.0	0.00002	0.00002	0.05347	75.13605	0.00171
6630.0	0.00001	0.00004	0.04149	74.35228	0.00203
6640.0	0.00002	0.00002	0.03166	73.58378	0.00247
6650.0	0.00002	0.00004	0.02421	72.78136	0.00307
6660.0	0.00001	0.00002	0.01854	71.98837	0.00389
6670.0	0.00001	0.00008	0.01411	71.16541	0.00498
6680.0	0.00002	0.00016	0.01066	70.42685	0.00644
6690.0	0.00001	0.00031	0.00821	69.74933	0.00826
6700.0	0.00001	0.00025	0.00619	69.17304	0.01040
6710.0	0.00001	0.00021	0.00483	68.73293	0.01275
6720.0	0.00001	0.00019	0.00368	68.37274	0.01495
6730.0	0.00002	0.00012	0.00301	68.17287	0.01670
6740.0	0.00002	0.00010	0.00225	68.04695	0.01776
6750.0	0.00001	0.00005	0.00182	68.00932	0.01818
6760.0	0.00001	0.00008	0.00144	68.03825	0.01822
6770.0	0.00002	0.00006	0.00123	68.00106	0.01802
6780.0	0.00001	0.00008	0.00095	67.98065	0.01793
6790.0	0.00000	0.00012	0.00079	67.93053	0.01799
6800.0	0.00002	0.00018	0.00075	67.84415	0.01823
6810.0	0.00001	0.00038	0.00052	67.67256	0.01895
6820.0	0.00001	0.00052	0.00038	67.49110	0.01993
6830.0	0.00000	0.00035	0.00039	67.25844	0.02147
6840.0	0.00002	0.00024	0.00036	66.94817	0.02356
6850.0	0.00001	0.00012	0.00030	66.65656	0.02625
6860.0	0.00001	0.00012	0.00033	66.30898	0.03001
6870.0	0.00002	0.00010	0.00025	65.87914	0.03477
6880.0	0.00002	0.00006	0.00022	65.38234	0.04116
6890.0	0.00001	0.00009	0.00020	64.86391	0.04968
6900.0	0.00002	0.00019	0.00019	64.24958	0.06079
6910.0	0.00001	0.00028	0.00024	63.54631	0.07623
6920.0	0.00001	0.00077	0.00010	62.82745	0.09692
6930.0	0.00001	0.00475	0.00013	62.08041	0.12574
6940.0	0.00002	0.00404	0.00016	61.30513	0.16596
6950.0	0.00001	0.00034	0.00013	60.48778	0.22352
6960.0	0.00002	0.00009	0.00018	59.67411	0.30521
6970.0	0.00006	0.00007	0.00015	58.85570	0.42242
6980.0	0.00005	0.00004	0.00017	57.99192	0.59183
6990.0	0.00002	0.00001	0.00012	57.14078	0.83445
7000.0	0.00001	0.00000	0.00017	56.26108	1.17753
7010.0	0.00002	0.00001	0.00013	55.41384	1.63975
7020.0	0.00001	0.00002	0.00009	54.55047	2.25426
7030.0	0.00001	0.00002	0.00006	53.69633	3.02763
7040.0	0.00001	0.00002	0.00019	52.94517	3.93151
7050.0	0.00002	0.00003	0.00007	52.18150	4.94847
7060.0	0.00001	0.00005	0.00014	51.49454	6.05790
7070.0	0.00002	0.00001	0.00002	50.83555	7.23906
7080.0	0.00002	0.00002	0.00014	50.25085	8.52390
7090.0	0.00001	0.00000	0.00005	49.67881	9.91864
7100.0	0.00001	0.00001	0.00012	49.09045	11.48796
7110.0	0.00000	0.00004	0.00011	48.51062	13.27703
7120.0	0.00000	0.00002	0.00006	47.89297	15.26936
7130.0	0.00002	0.00003	0.00014	47.26386	17.51373
7140.0	0.00001	0.00001	0.00002	46.58903	19.96145
7150.0	0.00001	0.00006	0.00009	45.90911	22.57500
7160.0	0.00003	0.00002	0.00008	45.26492	25.33292
7170.0	0.00004	0.00002	0.00006	44.64925	28.10273
7180.0	0.00008	0.00000	0.00012	44.07300	30.87989
7190.0	0.00018	0.00002	0.00018	43.60755	33.66104
7200.0	0.00035	0.00001	0.00013	43.22878	36.35712
7210.0	0.00042	0.00002	0.00007	42.89804	38.97752
7220.0	0.00029	0.00005	0.00011	42.69392	41.61945
7230.0	0.00014	0.00003	0.00004	42.51030	44.18314
7240.0	0.00009	0.00002	0.00014	42.39795	46.73318
7250.0	0.00007	0.00005	0.00006	42.31039	49.24523
7260.0	0.00004	0.00003	0.00010	42.22308	51.73512
7270.0	0.00004	0.00001	0.00000	42.08115	54.29467
7280.0	0.00004	0.00006	0.00007	41.93347	56.80748
7290.0	0.00004	0.00006	0.00005	41.71507	59.36579
7300.0	0.00004	0.00007	0.00010	41.47859	62.07192
7310.0	0.00004	0.00007	0.00009	41.17634	64.82126
7320.0	0.00004	0.00052	0.00008	40.85900	67.66959
7330.0	0.00008	0.00012	0.00005	40.51687	70.66628
7340.0	0.00012	0.00000	0.00010	40.15663	73.67847
7350.0	0.00019	0.00004	0.00015	39.80271	76.78233
7360.0	0.00023	0.00006	0.00017	39.41647	79.71793
7370.0	0.00019	0.00001	0.00003	39.03641	82.64200
7380.0	0.00015	0.00006	0.00003	38.62938	85.32240
7390.0	0.00012	0.00004	0.00006	38.20568	87.68496
7400.0	0.00011	0.00007	0.00013	37.79009	89.77957
7410.0	0.00013	0.00007	0.00010	37.33975	91.48145
7420.0	0.00016	0.00004	0.00007	36.85210	92.80653
7430.0	0.00017	0.00005	0.00011	36.41196	93.97067
7440.0	0.00015	0.00001	0.00017	35.97217	94.77009
7450.0	0.00010	0.00002	0.00013	35.50095	95.36441
7460.0	0.00006	0.00001	0.00008	35.04877	95.75739
7470.0	0.00004	0.00006	0.00014	34.64276	96.11461
7480.0	0.00005	0.00004	0.00021	34.20896	96.39458
7490.0	0.00005	0.00006	0.00016	33.78365	96.57118
7500.0	0.00006	0.00008	0.00015	33.37562	96.78715
7510.0	0.00015	0.00002	0.00011	32.93216	96.97205
7520.0	0.00028	0.00004	0.00022	32.49456	97.19415
7530.0	0.00024	0.00013	0.00006	32.01146	97.26504
7540.0	0.00010	0.00002	0.00016	31.48930	97.37692
7550.0	0.00002	0.00003	0.00015	30.99463	97.46509
7560.0	0.00002	0.00006	0.00014	30.46778	97.58541
7570.0	0.00001	0.00001	0.00020	29.96668	97.77747
7580.0	0.00002	0.00007	0.00017	29.47261	97.90318
7590.0	0.00001	0.00004	0.00019	29.00598	98.06380
7600.0	0.00001	0.00019	0.00027	28.58554	98.22498
7610.0	0.00002	0.00052	0.00023	28.18962	98.47852
7620.0	0.00001	0.00570	0.00012	27.83500	98.71663
7630.0	0.00002	0.00043	0.00021	27.51198	98.95790
7640.0	0.00002	0.00003	0.00021	27.20954	99.19816
7650.0	0.00001	0.00002	0.00019	26.90942	99.50918
7660.0	0.00001	0.00009	0.00014	26.56183	99.60210
7670.0	0.00001	0.00008	0.00028	26.20110	99.83796
7680.0	0.00002	0.00004	0.00018	25.77470	99.96110
7690.0	0.00001	0.00002	0.00019	25.31142	100.03991
7700.0	0.00001	0.00003	0.00019	24.79531	100.03481
7710.0	0.00001	0.00003	0.00029	24.23803	100.06876
7720.0	0.00002	0.00007	0.00019	23.66254	99.91895
7730.0	0.00003	0.00003	0.00025	23.13096	99.92650
7740.0	0.00001	0.00006	0.00021	22.59732	99.83351
7750.0	0.00001	0.00015	0.00038	22.09404	99.68063
7760.0	0.00001	0.00006	0.00041	21.66363	99.63100
7770.0	0.00001	0.00003	0.00051	21.34099	99.64618
7780.0	0.00004	0.00010	0.00051	21.04356	99.58939
7790.0	0.00002	0.00000	0.00058	20.84945	99.60656
7800.0	0.00001	0.00010	0.00063	20.68397	99.58045
7810.0	0.00002	0.00008	0.00058	20.58754	99.61871
7820.0	0.00002	0.00005	0.00044	20.51392	99.66938
7830.0	0.00002	0.00009	0.00035	20.46437	99.68433
7840.0	0.00001	0.00027	0.00044	20.38035	99.73860
7850.0	0.00002	0.00022	0.00041	20.27708	99.67421
7860.0	0.00002	0.00008	0.00042	20.13748	99.74931
7870.0	0.00001	0.00033	0.00040	19.94079	99.76523
7880.0	0.00002	0.00023	0.00042	19.69522	99.81791
7890.0	0.00001	0.00010	0.00033	19.39391	99.80962
7900.0	0.00001	0.00006	0.00041	19.05389	99.74260
7910.0	0.00002	0.00015	0.00044	18.70100	99.82533
7920.0	0.00001	0.00003	0.00042	18.31778	99.75322
7930.0	0.00003	0.00002	0.00052	17.92802	99.69386
7940.0	0.00001	0.00020	0.00043	17.56021	99.63200
7950.0	0.00001	0.00000	0.00062	17.18463	99.64122
7960.0	0.00002	0.00017	0.00066	16.80322	99.53017
7970.0	0.00002	0.00005	0.00058	16.41959	99.48101
7980.0	0.00001	0.00004	0.00088	16.05454	99.43699
7990.0	0.00000	0.00002	0.00117	15.65749	99.28323
8000.0	0.01114	0.00017	0.01892	14.53426	99.16057
8010.0	0.01028	0.00026	0.01695	14.20607	99.06230
8020.0	0.01058	0.00005	0.02184	13.89720	98.94867
8030.0	0.01004	0.00019	0.01291	13.57350	98.86389
8040.0	0.01030	0.00029	0.01880	13.25958	98.73814
8050.0	0.00970	0.00009	0.01866	12.94282	98.52974
8060.0	0.00969	0.00004	0.01227	12.62776	98.30675
8070.0	0.00987	0.00039	0.01452	12.33095	98.29409
8080.0	0.00945	0.00025	0.01464	12.04932	98.19304
8090.0	0.01007	0.00002	0.01550	11.78639	98.18312
8100.0	0.00951	0.00002	0.01442	11.51602	98.11735
8110.0	0.01009	0.00026	0.01753	11.26305	98.06381
8120.0	0.00941	0.00007	0.01634	11.01666	98.02831
8130.0	0.00922	0.00011	0.01640	10.77040	97.96632
8140.0	0.00941	0.00007	0.01457	10.54824	97.96762
8150.0	0.00939	0.00001	0.01323	10.34409	98.06870
8160.0	0.00921	0.00019	0.01465	10.13620	98.10443
8170.0	0.00900	0.00001	0.01473	9.94014	98.16086
8180.0	0.00877	0.00010	0.01654	9.73654	98.06719
8190.0	0.00885	0.00016	0.01752	9.54037	98.20132
8200.0	0.00887	0.00003	0.01801	9.37397	98.38306
8210.0	0.00841	0.00003	0.01632	9.19852	98.39708
8220.0	0.00865	0.00042	0.01759	9.02388	98.38765
8230.0	0.00871	0.00018	0.01230	8.86051	98.49238
8240.0	0.00822	0.00017	0.01507	8.70122	98.51882
8250.0	0.00845	0.00021	0.01747	8.54691	98.62557
8260.0	0.00802	0.00030	0.01636	8.38684	98.66610
8270.0	0.00814	0.00044	0.01424	8.23283	98.57729
8280.0	0.00804	0.00023	0.01887	8.08907	98.67757
8290.0	0.00819	0.00007	0.01597	7.92033	98.56857
8300.0	0.00762	0.00003	0.00986	7.76005	98.63406
8310.0	0.00774	0.00027	0.01883	7.57374	98.49546
8320.0	0.00777	0.03234	0.02123	7.37769	98.49570
8330.0	0.00730	0.03219	0.01692	7.18788	98.43036
8340.0	0.00761	0.03198	0.01473	6.97906	98.48869
8350.0	0.00743	0.03224	0.02752	6.75989	98.36433
8360.0	0.00724	0.03013	0.01907	6.54292	98.42352
8370.0	0.00710	0.03064	0.02042	6.29670	98.19955
8380.0	0.00708	0.03049	0.02287	6.04070	98.08798
8390.0	0.00701	0.03114	0.02229	5.79282	98.08331
8400.0	0.00658	0.02838	0.02248	5.53729	98.02229
8410.0	0.00656	0.02868	0.02078	5.28122	98.03021
8420.0	0.00648	0.02785	0.02890	5.00688	97.85059
8430.0	0.00623	0.02750	0.03047	4.73615	97.85664
8440.0	0.00642	0.02739	0.02680	4.45050	97.83792
8450.0	0.00601	0.02650	0.02325	4.16076	97.80609
8460.0	0.00623	0.02493	0.02818	3.88468	97.65349
8470.0	0.00583	0.02553	0.02552	3.60204	97.61656
8480.0	0.00595	0.02516	0.02536	3.32230	97.59187
8490.0	0.00560	0.02467	0.02503	3.05212	97.50388
8500.0	0.00591	0.02351	0.02875	2.78336	97.53070
8510.0	0.00529	0.02439	0.02694	2.51536	97.22379
8520.0	0.00539	0.02313	0.03058	2.28631	97.25883
8530.0	0.00505	0.02272	0.02611	2.06500	97.12646
8540.0	0.00513	0.02166	0.02709	1.85218	96.93620
8550.0	0.00530	0.02123	0.02730	1.66509	96.92773
8560.0	0.00495	0.02099	0.02826	1.48387	96.82893
8570.0	0.00507	0.02168	0.02744	1.31432	96.71572
8580.0	0.00498	0.01948	0.02777	1.16726	96.56683
8590.0	0.00493	0.02121	0.02678	1.03368	96.61905
8600.0	0.00477	0.01879	0.02404	0.91286	96.53710
8610.0	0.00460	0.01965	0.03010	0.80266	96.50272
8620.0	0.00472	0.01971	0.02789	0.70706	96.40240
8630.0	0.00425	0.01732	0.02772	0.61785	96.28817
8640.0	0.00427	0.01834	0.02273	0.54179	96.19584
8650.0	0.00409	0.01702	0.02469	0.48170	96.14877
8660.0	0.00410	0.01786	0.02460	0.42793	95.97036
8670.0	0.00403	0.01669	0.02433	0.38364	95.78768
8680.0	0.00400	0.01572	0.02200	0.34769	95.58900
8690.0	0.00385	0.01661	0.02296	0.31736	95.33273
8700.0	0.00362	0.01583	0.02247	0.29144	94.96538
8710.0	0.00372	0.01472	0.02355	0.27067	94.71722
8720.0	0.00363	0.01515	0.02374	0.25111	94.13364
8730.0	0.00344	0.01457	0.02009	0.23242	93.53004
8740.0	0.00336	0.01411	0.01978	0.21595	92.88147
8750.0	0.00348	0.01469	0.01973	0.19867	91.69521
8760.0	0.00339	0.01389	0.02326	0.18135	90.19540
8770.0	0.00322	0.01302	0.02012	0.16507	88.25302
8780.0	0.00321	0.01247	0.01896	0.15010	85.93290
8790.0	0.00300	0.01232	0.01549	0.13575	82.70791
8800.0	0.00307	0.01245	0.01706	0.12174	78.76891
8810.0	0.00314	0.01192	0.01700	0.10888	74.19274
8820.0	0.00311	0.01152	0.01548	0.09571	68.62437
8830.0	0.00318	0.01129	0.01392	0.08306	62.63235
8840.0	0.00313	0.01143	0.01263	0.07190	56.79917
8850.0	0.00303	0.01118	0.01156	0.06073	50.75312
8860.0	0.00304	0.01073	0.01161	0.05010	44.80483
8870.0	0.00303	0.00987	0.01136	0.04020	39.27106
8880.0	0.00310	0.00995	0.01155	0.03120	34.07965
8890.0	0.00315	0.00978	0.01138	0.02324	29.28575
8900.0	0.00309	0.00955	0.00959	0.01714	25.39907
8910.0	0.00303	0.00966	0.00662	0.01272	21.85959
8920.0	0.00331	0.00984	0.00883	0.00983	18.71342
8930.0	0.00297	0.00887	0.00723	0.00810	16.11259
8940.0	0.00321	0.00866	0.00781	0.00720	13.76751
8950.0	0.00317	0.00896	0.00731	0.00644	11.74841
8960.0	0.00305	0.00835	0.00605	0.00592	10.12911
8970.0	0.00308	0.00832	0.00514	0.00570	8.74979
8980.0	0.00309	0.00799	0.00656	0.00553	7.57849
8990.0	0.00319	0.00846	0.00626	0.00521	6.67434
9000.0	0.00318	0.00766	0.00725	0.00519	5.79957
9010.0	0.00313	0.00818	0.00632	0.00498	4.98003
9020.0	0.00316	0.00724	0.00601	0.00498	4.06010
9030.0	0.00304	0.00744	0.00585	0.00498	3.33945
9040.0	0.00316	0.00707	0.00674	0.00492	2.70907
9050.0	0.00314	0.00694	0.00798	0.00500	2.19200
9060.0	0.00307	0.00698	0.00621	0.00486	1.76956
9070.0	0.00328	0.00677	0.00589	0.00495	1.41559
9080.0	0.00326	0.00655	0.00766	0.00498	1.12885
9090.0	0.00324	0.00624	0.00681	0.00482	0.90948
9100.0	0.00314	0.00591	0.00792	0.00480	0.72979
9110.0	0.00307	0.00576	0.00766	0.00473	0.58069
9120.0	0.00312	0.00613	0.00827	0.00476	0.46803
9130.0	0.00321	0.00586	0.00648	0.00472	0.37402
9140.0	0.00311	0.00591	0.00694	0.00475	0.29773
9150.0	0.00328	0.00569	0.00843	0.00474	0.24125
9160.0	0.00313	0.00560	0.00675	0.00451	0.19682
9170.0	0.00320	0.00550	0.00648	0.00449	0.16083
9180.0	0.00311	0.00553	0.00593	0.00453	0.13148
9190.0	0.00325	0.00503	0.00516	0.00435	0.10931
9200.0	0.00317	0.00527	0.00644	0.00426	0.09057
9210.0	0.00301	0.00525	0.00731	0.00422	0.07552
9220.0	0.00304	0.00515	0.00685	0.00408	0.06434
9230.0	0.00302	0.00519	0.00449	0.00417	0.05477
9240.0	0.00315	0.00485	0.00571	0.00386	0.04711
9250.0	0.00301	0.00477	0.00501	0.00397	0.04082
9260.0	0.00325	0.00466	0.00399	0.00376	0.03537
9270.0	0.00310	0.00476	0.00518	0.00375	0.03086
9280.0	0.00322	0.00450	0.00671	0.00364	0.02750
9290.0	0.00307	0.00435	0.00454	0.00352	0.02443
9300.0	0.00317	0.00441	0.00349	0.00361	0.02191
9310.0	0.00311	0.00461	0.00732	0.00367	0.01991
9320.0	0.00322	0.00455	0.00517	0.00371	0.01804
9330.0	0.00317	0.00421	0.00382	0.00346	0.01645
9340.0	0.00317	0.00407	0.00535	0.00353	0.01509
9350.0	0.00315	0.00419	0.00734	0.00350	0.01385
9360.0	0.00331	0.00420	0.00548	0.00381	0.01276
9370.0	0.00325	0.00385	0.00554	0.00363	0.01206
9380.0	0.00325	0.00400	0.00586	0.00363	0.01131
9390.0	0.00322	0.00400	0.00464	0.00378	0.01073
9400.0	0.00321	0.00386	0.00700	0.00385	0.00997
9410.0	0.00335	0.00371	0.00554	0.00385	0.00959
9420.0	0.00320	0.00375	0.00623	0.00406	0.00900
9430.0	0.00323	0.00382	0.00520	0.00400	0.00874
9440.0	0.00324	0.00374	0.00348	0.00413	0.00825
9450.0	0.00329	0.00340	0.00294	0.00421	0.00805
9460.0	0.00323	0.00336	0.00522	0.00419	0.00755
9470.0	0.00318	0.00350	0.00620	0.00428	0.00732
9480.0	0.00316	0.00348	0.00463	0.00416	0.00723
9490.0	0.00322	0.00327	0.00535	0.00436	0.00697
9500.0	0.00324	0.00345	0.00532	0.00417	0.00684
9510.0	0.00316	0.00342	0.00430	0.00416	0.00661
9520.0	0.00314	0.00316	0.00585	0.00402	0.00642
9530.0	0.00307	0.00336	0.00688	0.00390	0.00637
9540.0	0.00328	0.00330	0.00706	0.00388	0.00631
9550.0	0.00315	0.00294	0.00594	0.00368	0.00607
9560.0	0.00320	0.00329	0.00609	0.00372	0.00597
9570.0	0.00312	0.00314	0.00562	0.00346	0.00583
9580.0	0.00318	0.00320	0.00660	0.00352	0.00602
9590.0	0.00322	0.00316	0.00462	0.00348	0.00574
9600.0	0.00326	0.00334	0.00615	0.00329	0.00573
9610.0	0.00325	0.00320	0.00598	0.00332	0.00566
9620.0	0.00326	0.00300	0.00365	0.00312	0.00558
9630.0	0.00320	0.00333	0.00396	0.00320	0.00532
9640.0	0.00322	0.00323	0.00555	0.00310	0.00538
9650.0	0.00309	0.00318	0.00375	0.00305	0.00525
9660.0	0.00316	0.00318	0.00432	0.00296	0.00516
9670.0	0.00333	0.00299	0.00468	0.00317	0.00508
9680.0	0.00330	0.00329	0.00422	0.00300	0.00511
9690.0	0.00374	0.00307	0.00498	0.00292	0.00511
9700.0	0.00418	0.00314	0.00397	0.00297	0.00508
9710.0	0.00457	0.00319	0.00461	0.00294	0.00503
9720.0	0.00493	0.00301	0.00666	0.00298	0.00484
9730.0	0.00537	0.00330	0.00456	0.00292	0.00497
9740.0	0.00584	0.00334	0.00578	0.00294	0.00480
9750.0	0.00622	0.00322	0.00634	0.00295	0.00479
9760.0	0.00678	0.00326	0.00686	0.00299	0.00475
9770.0	0.00699	0.00322	0.00473	0.00302	0.00465
9780.0	0.00710	0.00322	0.00784	0.00306	0.00470
9790.0	0.00673	0.00318	0.00604	0.00290	0.00466
9800.0	0.00643	0.00315	0.00537	0.00291	0.00465
9810.0	0.00604	0.00307	0.00629	0.00296	0.00455
9820.0	0.00549	0.00311	0.00528	0.00307	0.00455
9830.0	0.00511	0.00321	0.00677	0.00310	0.00449
9840.0	0.00461	0.00332	0.00834	0.00312	0.00456
9850.0	0.00428	0.00334	0.00886	0.00306	0.00446
9860.0	0.00389	0.00326	0.00724	0.00317	0.00456
9870.0	0.00369	0.00311	0.00767	0.00311	0.00453
9880.0	0.00355	0.00317	0.00901	0.00318	0.00438
9890.0	0.00359	0.00310	0.01139	0.00317	0.00439
9900.0	0.00377	0.00306	0.01024	0.00329	0.00434
9910.0	0.00406	0.00337	0.01253	0.00324	0.00422
9920.0	0.00471	0.00316	0.01510	0.00342	0.00430
9930.0	0.00567	0.00316	0.01896	0.00342	0.00420
9940.0	0.00684	0.00324	0.01981	0.00362	0.00431
9950.0	0.00808	0.00312	0.02087	0.00387	0.00424
9960.0	0.00944	0.00311	0.02448	0.00387	0.00430
9970.0	0.01096	0.00319	0.02923	0.00408	0.00421
9980.0	0.01228	0.00318	0.02963	0.00427	0.00414
9990.0	0.01334	0.00319	0.03265	0.00447	0.00428
10000.0	0.01444	0.00316	0.03174	0.00440	0.00435
10010.0	0.01444	0.00316	0.03492	0.00445	0.00413
10020.0	0.01393	0.00319	0.03024	0.00445	0.00413
10030.0	0.01290	0.00323	0.02979	0.00442	0.00425
10040.0	0.01174	0.00335	0.02943	0.00441	0.00410
10050.0	0.01066	0.00315	0.02500	0.00427	0.00419
10060.0	0.00949	0.00317	0.02228	0.00422	0.00417
10070.0	0.00866	0.00326	0.01869	0.00407	0.00411
10080.0	0.00783	0.00325	0.01949	0.00400	0.00420
10090.0	0.00747	0.00318	0.01543	0.00390	0.00409
10100.0	0.00783	0.00318	0.01423	0.00363	0.00408
10110.0	0.00855	0.00328	0.01367	0.00358	0.00408
10120.0	0.00940	0.00308	0.01130	0.00342	0.00407
10130.0	0.01018	0.00328	0.01125	0.00334	0.00410
10140.0	0.01093	0.00333	0.00928	0.00331	0.00407
10150.0	0.01175	0.00322	0.01075	0.00334	0.00419
10160.0	0.01240	0.00314	0.00973	0.00332	0.00410
10170.0	0.01250	0.00312	0.00899	0.00331	0.00420
10180.0	0.01219	0.00328	0.00755	0.00324	0.00418
10190.0	0.01165	0.00322	0.00763	0.00316	0.00429
10200.0	0.01086	0.00321	0.00843	0.00324	0.00419
10210.0	0.00994	0.00321	0.00825	0.00325	0.00418
10220.0	0.00901	0.00326	0.00949	0.00325	0.00427
10230.0	0.00789	0.00322	0.00941	0.00320	0.00433
10240.0	0.00720	0.00337	0.00857	0.00319	0.00419
10250.0	0.00632	0.00325	0.01109	0.00325	0.00425
10260.0	0.00582	0.00346	0.00963	0.00319	0.00422
10270.0	0.00553	0.00317	0.00848	0.00320	0.00427
10280.0	0.00546	0.00348	0.01191	0.00328	0.00428
10290.0	0.00544	0.00352	0.01075	0.00317	0.00422
10300.0	0.00551	0.00343	0.01383	0.00328	0.00421
10310.0	0.00554	0.00348	0.01226	0.00330	0.00448
10320.0	0.00577	0.00383	0.01369	0.00326	0.00451
10330.0	0.00611	0.00391	0.01641	0.00337	0.00437
10340.0	0.00663	0.00421	0.01754	0.00333	0.00449
10350.0	0.00759	0.00418	0.02051	0.00338	0.00439
10360.0	0.00899	0.00436	0.02484	0.00357	0.00448
10370.0	0.01124	0.00458	0.02842	0.00350	0.00462
10380.0	0.01575	0.00455	0.03133	0.00358	0.00453
10390.0	0.02410	0.00485	0.03386	0.00367	0.00459
10400.0	0.04075	0.00496	0.03883	0.00370	0.00473
10410.0	0.06445	0.00495	0.04229	0.00387	0.00470
10420.0	0.09159	0.00530	0.04220	0.00408	0.00487
10430.0	0.12072	0.00519	0.04357	0.00417	0.00475
10440.0	0.15159	0.00548	0.04451	0.00438	0.00482
10450.0	0.18065	0.00575	0.04035	0.00465	0.00483
10460.0	0.20652	0.00616	0.03914	0.00487	0.00472
10470.0	0.22201	0.00668	0.03431	0.00512	0.00499
10480.0	0.22176	0.00736	0.03274	0.00535	0.00502
10490.0	0.20956	0.00817	0.02881	0.00569	0.00510
10500.0	0.19098	0.00898	0.02344	0.00625	0.00500
10510.0	0.16866	0.00989	0.02128	0.00657	0.00498
10520.0	0.14536	0.01101	0.01905	0.00675	0.00532
10530.0	0.12202	0.01175	0.01810	0.00708	0.00520
10540.0	0.10253	0.01286	0.01608	0.00742	0.00532
10550.0	0.09200	0.01369	0.01399	0.00767	0.00530
10560.0	0.08963	0.01507	0.01367	0.00776	0.00549
10570.0	0.09468	0.01618	0.01160	0.00803	0.00578
10580.0	0.10637	0.01735	0.01039	0.00794	0.00569
10590.0	0.12625	0.01860	0.01132	0.00818	0.00578
10600.0	0.15864	0.01958	0.00885	0.00798	0.00583
10610.0	0.00000	0.02036	0.00000	0.00000	0.00000
10620.0	0.00000	0.02126	0.00000	0.00000	0.00000
10630.0	0.00000	0.02226	0.00000	0.00000	0.00000
10640.0	0.00000	0.02327	0.00000	0.00000	0.00000
10650.0	0.00000	0.02498	0.00000	0.00000	0.00000
10660.0	0.00000	0.02650	0.00000	0.00000	0.00000
10670.0	0.00000	0.02856	0.00000	0.00000	0.00000
10680.0	0.00000	0.03130	0.00000	0.00000	0.00000
10690.0	0.00000	0.03378	0.00000	0.00000	0.00000
10700.0	0.00000	0.03709	0.00000	0.00000	0.00000
10710.0	0.00000	0.04025	0.00000	0.00000	0.00000
10720.0	0.00000	0.04362	0.00000	0.00000	0.00000
10730.0	0.00000	0.04732	0.00000	0.00000	0.00000
10740.0	0.00000	0.05071	0.00000	0.00000	0.00000
10750.0	0.00000	0.05430	0.00000	0.00000	0.00000
10760.0	0.00000	0.05798	0.00000	0.00000	0.00000
10770.0	0.00000	0.06123	0.00000	0.00000	0.00000
10780.0	0.00000	0.06409	0.00000	0.00000	0.00000
10790.0	0.00000	0.06585	0.00000	0.00000	0.00000
10800.0	0.00000	0.06696	0.00000	0.00000	0.00000
10810.0	0.00000	0.06738	0.00000	0.00000	0.00000
10820.0	0.00000	0.06691	0.00000	0.00000	0.00000
10830.0	0.00000	0.06596	0.00000	0.00000	0.00000
10840.0	0.00000	0.06417	0.00000	0.00000	0.00000
10850.0	0.00000	0.06228	0.00000	0.00000	0.00000
10860.0	0.00000	0.05965	0.00000	0.00000	0.00000
10870.0	0.00000	0.05669	0.00000	0.00000	0.00000
10880.0	0.00000	0.05367	0.00000	0.00000	0.00000
10890.0	0.00000	0.05018	0.00000	0.00000	0.00000
10900.0	0.00000	0.04647	0.00000	0.00000	0.00000
10910.0	0.00000	0.04320	0.00000	0.00000	0.00000
10920.0	0.00000	0.03995	0.00000	0.00000	0.00000
10930.0	0.00000	0.03695	0.00000	0.00000	0.00000
10940.0	0.00000	0.03403	0.00000	0.00000	0.00000
10950.0	0.00000	0.03185	0.00000	0.00000	0.00000
10960.0	0.00000	0.02958	0.00000	0.00000	0.00000
10970.0	0.00000	0.02791	0.00000	0.00000	0.00000
10980.0	0.00000	0.02659	0.00000	0.00000	0.00000
10990.0	0.00000	0.02555	0.00000	0.00000	0.00000
11000.0	0.00000	0.02479	0.00000	0.00000	0.00000
